1.000000000000000222e+00 8.898476434231531451e-01 -9.468464275355054083e-01 6.733628450552616718e-01 5.931488357401937250e-01 -4.549568972256631816e-01 -5.345229610620155780e-01 4.368779466798268785e-01 -5.133454211382998400e-01 -9.982411307830815206e-01
8.898476434231531451e-01 9.999999999999958922e-01 -9.865484335380417802e-01 9.304397852660827306e-01 8.816656803043517732e-01 -7.788516726647233268e-01 -8.396712565642575621e-01 7.603607539643800761e-01 -8.225584023252024979e-01 -8.635642957334170866e-01
-9.468464275355054083e-01 -9.865484335380417802e-01 1.000000000000000444e+00 -8.626405399253097572e-01 -7.985277870470632866e-01 6.762214499958154601e-01 7.471033392129475814e-01 -6.555854333896828923e-01 7.268592643166513767e-01 9.281971962027718570e-01
6.733628450552616718e-01 9.304397852660827306e-01 -8.626405399253097572e-01 1.000000000000001554e+00 9.922266958528721537e-01 -9.484912131100442512e-01 -9.770108645796524716e-01 9.364293248653087209e-01 -9.688938649092225797e-01 -6.353866612853510398e-01
5.931488357401937250e-01 8.816656803043517732e-01 -7.985277870470632866e-01 9.922266958528721537e-01 9.999999999999932276e-01 -9.803939884779804270e-01 -9.959015575245427909e-01 9.724599035594939656e-01 -9.920224266463610885e-01 -5.534550408755063433e-01
-4.549568972256631816e-01 -7.788516726647233268e-01 6.762214499958154601e-01 -9.484912131100442512e-01 -9.803939884779804270e-01 1.000000000000001110e+00 9.941185806623267229e-01 -9.991134106489329980e-01 9.971804182980966713e-01 4.145940268598447553e-01
-5.345229610620155780e-01 -8.396712565642575621e-01 7.471033392129475814e-01 -9.770108645796524716e-01 -9.959015575245427909e-01 9.941185806623267229e-01 1.000000000000000222e+00 -9.895107489900688558e-01 9.993422212127742732e-01 4.943364414717930644e-01
4.368779466798268785e-01 7.603607539643800761e-01 -6.555854333896828923e-01 9.364293248653087209e-01 9.724599035594939656e-01 -9.991134106489329980e-01 -9.895107489900688558e-01 9.999999999999948930e-01 -9.940245281345914119e-01 -3.969980544339370421e-01
-5.133454211382998400e-01 -8.225584023252024979e-01 7.268592643166513767e-01 -9.688938649092225797e-01 -9.920224266463610885e-01 9.971804182980966713e-01 9.993422212127742732e-01 -9.940245281345914119e-01 1.000000000000004663e+00 4.731997523230112579e-01
-9.982411307830815206e-01 -8.635642957334170866e-01 9.281971962027718570e-01 -6.353866612853510398e-01 -5.534550408755063433e-01 4.145940268598447553e-01 4.943364414717930644e-01 -3.969980544339370421e-01 4.731997523230112579e-01 1.000000000000000444e+00
