# t [days]   y
    0.000    82.6205
   30.953    83.6107
   61.907    90.6189
   92.860   103.8933
  123.814    94.3196
  154.767   101.6990
  185.720    90.1068
  216.674    94.1536
  247.627    94.6124
  278.581    87.3327
  309.534    86.1132
  340.487    92.2955
  371.441    78.8159
  402.394    90.6180
  433.347    97.5927
  464.301   101.1194
  495.254    93.5865
  526.208    91.5992
  557.161    95.8912
  588.114    89.9601
  619.068    86.3705
  650.021    82.5949
  680.975    75.5891
  711.928    90.7199
  742.881    93.3046
  773.835    96.5239
  804.788    94.2953
  835.742    92.1642
  866.695    93.4129
  897.648    99.4907
  928.602    94.8289
  959.555    99.9441
  990.508    88.3897
 1021.462    88.2030
 1052.415    93.9799
 1083.369    83.2683
 1114.322    81.1025
 1145.275    86.0198
 1176.229   100.1977
 1207.182   100.3654
 1238.136    91.6736
 1269.089   100.4794
 1300.042    94.4291
 1330.996   100.0169
 1361.949    90.2568
 1392.903    86.7035
 1423.856    85.2933
 1454.809    89.3655
 1485.763    98.5114
 1516.716    88.2772
 1547.669   101.3291
 1578.623    92.8679
 1609.576    99.1726
 1640.530    92.1238
 1671.483    97.8330
 1702.436    84.6658
 1733.390    96.6784
 1764.343    89.3766
 1795.297    80.9241
 1826.250    84.0233
