# t [days]   y
    0.000    93.2112
   30.953   103.6772
   61.907    96.2361
   92.860    92.6168
  123.814    90.3135
  154.767    94.4809
  185.720    96.9673
  216.674    94.2983
  247.627    95.9556
  278.581    91.7054
  309.534    93.4992
  340.487    80.9787
  371.441   101.9005
  402.394    87.7756
  433.347    95.1415
  464.301    96.4722
  495.254    98.9068
  526.208   101.9138
  557.161    98.2704
  588.114   102.6501
  619.068    88.3046
  650.021   101.5835
  680.975    92.7398
  711.928   100.4176
  742.881    96.2539
  773.835    99.3302
  804.788   100.4247
  835.742   106.5103
  866.695    92.7467
  897.648    98.3683
  928.602   101.9716
  959.555    96.1584
  990.508   105.5185
 1021.462    90.0583
 1052.415   102.6747
 1083.369    91.1077
 1114.322    84.6203
 1145.275   100.5768
 1176.229    87.7282
 1207.182    97.7640
 1238.136   104.9800
 1269.089   104.1322
 1300.042   101.1204
 1330.996    94.6075
 1361.949    95.2065
 1392.903    86.7620
 1423.856    90.1864
 1454.809    89.3336
 1485.763    90.1414
 1516.716   100.1070
 1547.669    94.4311
 1578.623    94.0251
 1609.576    93.8883
 1640.530   102.9478
 1671.483    95.4671
 1702.436    96.0760
 1733.390    94.5713
 1764.343    91.4004
 1795.297    95.7229
 1826.250    94.8651
