# t [days]   y
    0.000   143.7297
   30.953   149.2422
   61.907   142.8906
   92.860   136.4591
  123.814   143.0030
  154.767   145.6501
  185.720   149.0890
  216.674   152.4311
  247.627   136.2761
  278.581   140.1948
  309.534   142.2537
  340.487   147.5241
  371.441   142.1431
  402.394   140.0091
  433.347   141.9334
  464.301   137.0179
  495.254   139.9170
  526.208   145.0005
  557.161   142.6439
  588.114   136.2499
  619.068   134.1689
  650.021   149.4191
  680.975   149.7534
  711.928   142.5040
  742.881   141.9621
  773.835   147.1357
  804.788   147.4302
  835.742   149.5853
  866.695   151.7847
  897.648   144.3327
  928.602   132.4757
  959.555   146.5066
  990.508   141.4594
 1021.462   134.3814
 1052.415   146.6953
 1083.369   151.5830
 1114.322   140.4742
 1145.275   145.8369
 1176.229   148.0925
 1207.182   144.7307
 1238.136   146.1662
 1269.089   141.6983
 1300.042   141.8815
 1330.996   142.7124
 1361.949   145.2549
 1392.903   143.6474
 1423.856   138.2112
 1454.809   139.6500
 1485.763   144.3497
 1516.716   143.7354
 1547.669   141.3153
 1578.623   145.1661
 1609.576   140.8259
 1640.530   151.5352
 1671.483   142.9917
 1702.436   157.1934
 1733.390   146.0269
 1764.343   137.2157
 1795.297   147.6626
 1826.250   141.2427
