# The true density (for comparison only).  Columns: x  p(x)
0.00000000 0.00264461
0.00050000 0.00270727
0.00100000 0.00277131
0.00150000 0.00283675
0.00200000 0.00290363
0.00250000 0.00297196
0.00300000 0.00304179
0.00350000 0.00311313
0.00400000 0.00318602
0.00450000 0.00326049
0.00500000 0.00333657
0.00550000 0.00341430
0.00600000 0.00349370
0.00650000 0.00357480
0.00700000 0.00365765
0.00750000 0.00374226
0.00800000 0.00382869
0.00850000 0.00391696
0.00900000 0.00400711
0.00950000 0.00409917
0.01000000 0.00419318
0.01050000 0.00428919
0.01100000 0.00438722
0.01150000 0.00448731
0.01200000 0.00458951
0.01250000 0.00469385
0.01300000 0.00480038
0.01350000 0.00490913
0.01400000 0.00502015
0.01450000 0.00513348
0.01500000 0.00524917
0.01550000 0.00536725
0.01600000 0.00548777
0.01650000 0.00561079
0.01700000 0.00573633
0.01750000 0.00586445
0.01800000 0.00599521
0.01850000 0.00612863
0.01900000 0.00626479
0.01950000 0.00640371
0.02000000 0.00654547
0.02050000 0.00669010
0.02100000 0.00683765
0.02150000 0.00698819
0.02200000 0.00714177
0.02250000 0.00729843
0.02300000 0.00745824
0.02350000 0.00762125
0.02400000 0.00778752
0.02450000 0.00795711
0.02500000 0.00813007
0.02550000 0.00830647
0.02600000 0.00848636
0.02650000 0.00866981
0.02700000 0.00885688
0.02750000 0.00904763
0.02800000 0.00924213
0.02850000 0.00944045
0.02900000 0.00964264
0.02950000 0.00984877
0.03000000 0.01005893
0.03050000 0.01027316
0.03100000 0.01049155
0.03150000 0.01071416
0.03200000 0.01094106
0.03250000 0.01117234
0.03300000 0.01140806
0.03350000 0.01164829
0.03400000 0.01189312
0.03450000 0.01214263
0.03500000 0.01239688
0.03550000 0.01265596
0.03600000 0.01291995
0.03650000 0.01318894
0.03700000 0.01346299
0.03750000 0.01374221
0.03800000 0.01402667
0.03850000 0.01431645
0.03900000 0.01461166
0.03950000 0.01491237
0.04000000 0.01521867
0.04050000 0.01553065
0.04100000 0.01584842
0.04150000 0.01617205
0.04200000 0.01650165
0.04250000 0.01683731
0.04300000 0.01717912
0.04350000 0.01752719
0.04400000 0.01788161
0.04450000 0.01824249
0.04500000 0.01860992
0.04550000 0.01898401
0.04600000 0.01936486
0.04650000 0.01975259
0.04700000 0.02014729
0.04750000 0.02054907
0.04800000 0.02095805
0.04850000 0.02137433
0.04900000 0.02179803
0.04950000 0.02222926
0.05000000 0.02266814
0.05050000 0.02311478
0.05100000 0.02356929
0.05150000 0.02403181
0.05200000 0.02450244
0.05250000 0.02498132
0.05300000 0.02546856
0.05350000 0.02596429
0.05400000 0.02646863
0.05450000 0.02698172
0.05500000 0.02750368
0.05550000 0.02803464
0.05600000 0.02857473
0.05650000 0.02912409
0.05700000 0.02968286
0.05750000 0.03025116
0.05800000 0.03082914
0.05850000 0.03141693
0.05900000 0.03201468
0.05950000 0.03262253
0.06000000 0.03324063
0.06050000 0.03386911
0.06100000 0.03450812
0.06150000 0.03515782
0.06200000 0.03581835
0.06250000 0.03648986
0.06300000 0.03717252
0.06350000 0.03786646
0.06400000 0.03857185
0.06450000 0.03928885
0.06500000 0.04001761
0.06550000 0.04075830
0.06600000 0.04151108
0.06650000 0.04227611
0.06700000 0.04305355
0.06750000 0.04384358
0.06800000 0.04464636
0.06850000 0.04546207
0.06900000 0.04629087
0.06950000 0.04713294
0.07000000 0.04798845
0.07050000 0.04885758
0.07100000 0.04974051
0.07150000 0.05063742
0.07200000 0.05154848
0.07250000 0.05247389
0.07300000 0.05341383
0.07350000 0.05436848
0.07400000 0.05533803
0.07450000 0.05632267
0.07500000 0.05732258
0.07550000 0.05833798
0.07600000 0.05936904
0.07650000 0.06041596
0.07700000 0.06147894
0.07750000 0.06255818
0.07800000 0.06365388
0.07850000 0.06476624
0.07900000 0.06589547
0.07950000 0.06704177
0.08000000 0.06820534
0.08050000 0.06938639
0.08100000 0.07058514
0.08150000 0.07180180
0.08200000 0.07303657
0.08250000 0.07428968
0.08300000 0.07556133
0.08350000 0.07685175
0.08400000 0.07816116
0.08450000 0.07948977
0.08500000 0.08083780
0.08550000 0.08220549
0.08600000 0.08359304
0.08650000 0.08500070
0.08700000 0.08642869
0.08750000 0.08787724
0.08800000 0.08934657
0.08850000 0.09083692
0.08900000 0.09234852
0.08950000 0.09388161
0.09000000 0.09543643
0.09050000 0.09701320
0.09100000 0.09861217
0.09150000 0.10023358
0.09200000 0.10187767
0.09250000 0.10354469
0.09300000 0.10523487
0.09350000 0.10694846
0.09400000 0.10868571
0.09450000 0.11044686
0.09500000 0.11223217
0.09550000 0.11404188
0.09600000 0.11587625
0.09650000 0.11773552
0.09700000 0.11961996
0.09750000 0.12152980
0.09800000 0.12346532
0.09850000 0.12542676
0.09900000 0.12741439
0.09950000 0.12942846
0.10000000 0.13146923
0.10050000 0.13353696
0.10100000 0.13563191
0.10150000 0.13775435
0.10200000 0.13990454
0.10250000 0.14208274
0.10300000 0.14428921
0.10350000 0.14652423
0.10400000 0.14878805
0.10450000 0.15108095
0.10500000 0.15340319
0.10550000 0.15575504
0.10600000 0.15813677
0.10650000 0.16054865
0.10700000 0.16299095
0.10750000 0.16546394
0.10800000 0.16796789
0.10850000 0.17050307
0.10900000 0.17306975
0.10950000 0.17566821
0.11000000 0.17829872
0.11050000 0.18096154
0.11100000 0.18365696
0.11150000 0.18638525
0.11200000 0.18914668
0.11250000 0.19194153
0.11300000 0.19477006
0.11350000 0.19763256
0.11400000 0.20052929
0.11450000 0.20346053
0.11500000 0.20642656
0.11550000 0.20942764
0.11600000 0.21246405
0.11650000 0.21553607
0.11700000 0.21864397
0.11750000 0.22178802
0.11800000 0.22496848
0.11850000 0.22818565
0.11900000 0.23143978
0.11950000 0.23473114
0.12000000 0.23806002
0.12050000 0.24142667
0.12100000 0.24483137
0.12150000 0.24827439
0.12200000 0.25175599
0.12250000 0.25527644
0.12300000 0.25883601
0.12350000 0.26243496
0.12400000 0.26607356
0.12450000 0.26975207
0.12500000 0.27347076
0.12550000 0.27722988
0.12600000 0.28102969
0.12650000 0.28487046
0.12700000 0.28875244
0.12750000 0.29267588
0.12800000 0.29664105
0.12850000 0.30064819
0.12900000 0.30469757
0.12950000 0.30878942
0.13000000 0.31292399
0.13050000 0.31710154
0.13100000 0.32132231
0.13150000 0.32558654
0.13200000 0.32989447
0.13250000 0.33424635
0.13300000 0.33864240
0.13350000 0.34308288
0.13400000 0.34756800
0.13450000 0.35209800
0.13500000 0.35667311
0.13550000 0.36129355
0.13600000 0.36595955
0.13650000 0.37067134
0.13700000 0.37542912
0.13750000 0.38023312
0.13800000 0.38508355
0.13850000 0.38998062
0.13900000 0.39492454
0.13950000 0.39991551
0.14000000 0.40495373
0.14050000 0.41003942
0.14100000 0.41517275
0.14150000 0.42035393
0.14200000 0.42558314
0.14250000 0.43086057
0.14300000 0.43618641
0.14350000 0.44156083
0.14400000 0.44698401
0.14450000 0.45245612
0.14500000 0.45797734
0.14550000 0.46354781
0.14600000 0.46916772
0.14650000 0.47483721
0.14700000 0.48055645
0.14750000 0.48632557
0.14800000 0.49214472
0.14850000 0.49801405
0.14900000 0.50393369
0.14950000 0.50990378
0.15000000 0.51592444
0.15050000 0.52199580
0.15100000 0.52811797
0.15150000 0.53429108
0.15200000 0.54051523
0.15250000 0.54679053
0.15300000 0.55311708
0.15350000 0.55949497
0.15400000 0.56592430
0.15450000 0.57240515
0.15500000 0.57893760
0.15550000 0.58552173
0.15600000 0.59215760
0.15650000 0.59884529
0.15700000 0.60558486
0.15750000 0.61237635
0.15800000 0.61921981
0.15850000 0.62611530
0.15900000 0.63306284
0.15950000 0.64006248
0.16000000 0.64711422
0.16050000 0.65421811
0.16100000 0.66137414
0.16150000 0.66858233
0.16200000 0.67584268
0.16250000 0.68315518
0.16300000 0.69051983
0.16350000 0.69793662
0.16400000 0.70540550
0.16450000 0.71292647
0.16500000 0.72049948
0.16550000 0.72812449
0.16600000 0.73580146
0.16650000 0.74353032
0.16700000 0.75131101
0.16750000 0.75914347
0.16800000 0.76702763
0.16850000 0.77496339
0.16900000 0.78295067
0.16950000 0.79098938
0.17000000 0.79907940
0.17050000 0.80722064
0.17100000 0.81541297
0.17150000 0.82365627
0.17200000 0.83195040
0.17250000 0.84029523
0.17300000 0.84869060
0.17350000 0.85713638
0.17400000 0.86563239
0.17450000 0.87417846
0.17500000 0.88277442
0.17550000 0.89142008
0.17600000 0.90011526
0.17650000 0.90885975
0.17700000 0.91765334
0.17750000 0.92649583
0.17800000 0.93538698
0.17850000 0.94432656
0.17900000 0.95331434
0.17950000 0.96235008
0.18000000 0.97143351
0.18050000 0.98056437
0.18100000 0.98974239
0.18150000 0.99896729
0.18200000 1.00823880
0.18250000 1.01755660
0.18300000 1.02692040
0.18350000 1.03632988
0.18400000 1.04578473
0.18450000 1.05528462
0.18500000 1.06482921
0.18550000 1.07441815
0.18600000 1.08405110
0.18650000 1.09372769
0.18700000 1.10344755
0.18750000 1.11321031
0.18800000 1.12301557
0.18850000 1.13286295
0.18900000 1.14275203
0.18950000 1.15268241
0.19000000 1.16265367
0.19050000 1.17266538
0.19100000 1.18271710
0.19150000 1.19280838
0.19200000 1.20293877
0.19250000 1.21310782
0.19300000 1.22331504
0.19350000 1.23355995
0.19400000 1.24384208
0.19450000 1.25416092
0.19500000 1.26451597
0.19550000 1.27490671
0.19600000 1.28533263
0.19650000 1.29579319
0.19700000 1.30628786
0.19750000 1.31681608
0.19800000 1.32737730
0.19850000 1.33797096
0.19900000 1.34859649
0.19950000 1.35925331
0.20000000 1.36994082
0.20050000 1.38065843
0.20100000 1.39140554
0.20150000 1.40218153
0.20200000 1.41298578
0.20250000 1.42381767
0.20300000 1.43467654
0.20350000 1.44556177
0.20400000 1.45647268
0.20450000 1.46740863
0.20500000 1.47836895
0.20550000 1.48935295
0.20600000 1.50035994
0.20650000 1.51138925
0.20700000 1.52244016
0.20750000 1.53351197
0.20800000 1.54460396
0.20850000 1.55571541
0.20900000 1.56684559
0.20950000 1.57799375
0.21000000 1.58915915
0.21050000 1.60034105
0.21100000 1.61153867
0.21150000 1.62275125
0.21200000 1.63397802
0.21250000 1.64521819
0.21300000 1.65647097
0.21350000 1.66773557
0.21400000 1.67901119
0.21450000 1.69029701
0.21500000 1.70159223
0.21550000 1.71289601
0.21600000 1.72420753
0.21650000 1.73552595
0.21700000 1.74685044
0.21750000 1.75818014
0.21800000 1.76951419
0.21850000 1.78085175
0.21900000 1.79219194
0.21950000 1.80353389
0.22000000 1.81487672
0.22050000 1.82621955
0.22100000 1.83756149
0.22150000 1.84890165
0.22200000 1.86023913
0.22250000 1.87157301
0.22300000 1.88290240
0.22350000 1.89422638
0.22400000 1.90554402
0.22450000 1.91685440
0.22500000 1.92815660
0.22550000 1.93944968
0.22600000 1.95073269
0.22650000 1.96200471
0.22700000 1.97326477
0.22750000 1.98451194
0.22800000 1.99574526
0.22850000 2.00696376
0.22900000 2.01816648
0.22950000 2.02935247
0.23000000 2.04052074
0.23050000 2.05167034
0.23100000 2.06280028
0.23150000 2.07390958
0.23200000 2.08499726
0.23250000 2.09606235
0.23300000 2.10710384
0.23350000 2.11812076
0.23400000 2.12911211
0.23450000 2.14007690
0.23500000 2.15101413
0.23550000 2.16192280
0.23600000 2.17280192
0.23650000 2.18365049
0.23700000 2.19446749
0.23750000 2.20525194
0.23800000 2.21600282
0.23850000 2.22671913
0.23900000 2.23739987
0.23950000 2.24804401
0.24000000 2.25865057
0.24050000 2.26921853
0.24100000 2.27974688
0.24150000 2.29023461
0.24200000 2.30068071
0.24250000 2.31108419
0.24300000 2.32144403
0.24350000 2.33175922
0.24400000 2.34202875
0.24450000 2.35225163
0.24500000 2.36242685
0.24550000 2.37255340
0.24600000 2.38263029
0.24650000 2.39265651
0.24700000 2.40263107
0.24750000 2.41255297
0.24800000 2.42242122
0.24850000 2.43223481
0.24900000 2.44199278
0.24950000 2.45169411
0.25000000 2.46133785
0.25050000 2.47092299
0.25100000 2.48044857
0.25150000 2.48991360
0.25200000 2.49931712
0.25250000 2.50865816
0.25300000 2.51793575
0.25350000 2.52714893
0.25400000 2.53629674
0.25450000 2.54537824
0.25500000 2.55439248
0.25550000 2.56333850
0.25600000 2.57221538
0.25650000 2.58102217
0.25700000 2.58975795
0.25750000 2.59842180
0.25800000 2.60701279
0.25850000 2.61553002
0.25900000 2.62397257
0.25950000 2.63233954
0.26000000 2.64063004
0.26050000 2.64884319
0.26100000 2.65697808
0.26150000 2.66503385
0.26200000 2.67300964
0.26250000 2.68090456
0.26300000 2.68871778
0.26350000 2.69644843
0.26400000 2.70409568
0.26450000 2.71165869
0.26500000 2.71913664
0.26550000 2.72652870
0.26600000 2.73383406
0.26650000 2.74105192
0.26700000 2.74818149
0.26750000 2.75522197
0.26800000 2.76217259
0.26850000 2.76903258
0.26900000 2.77580117
0.26950000 2.78247762
0.27000000 2.78906117
0.27050000 2.79555110
0.27100000 2.80194668
0.27150000 2.80824718
0.27200000 2.81445192
0.27250000 2.82056018
0.27300000 2.82657129
0.27350000 2.83248455
0.27400000 2.83829932
0.27450000 2.84401493
0.27500000 2.84963073
0.27550000 2.85514609
0.27600000 2.86056038
0.27650000 2.86587299
0.27700000 2.87108331
0.27750000 2.87619075
0.27800000 2.88119472
0.27850000 2.88609466
0.27900000 2.89089001
0.27950000 2.89558022
0.28000000 2.90016474
0.28050000 2.90464306
0.28100000 2.90901465
0.28150000 2.91327903
0.28200000 2.91743569
0.28250000 2.92148416
0.28300000 2.92542397
0.28350000 2.92925467
0.28400000 2.93297581
0.28450000 2.93658697
0.28500000 2.94008772
0.28550000 2.94347766
0.28600000 2.94675641
0.28650000 2.94992357
0.28700000 2.95297878
0.28750000 2.95592169
0.28800000 2.95875195
0.28850000 2.96146924
0.28900000 2.96407324
0.28950000 2.96656364
0.29000000 2.96894016
0.29050000 2.97120252
0.29100000 2.97335046
0.29150000 2.97538372
0.29200000 2.97730206
0.29250000 2.97910527
0.29300000 2.98079313
0.29350000 2.98236545
0.29400000 2.98382204
0.29450000 2.98516273
0.29500000 2.98638736
0.29550000 2.98749580
0.29600000 2.98848791
0.29650000 2.98936357
0.29700000 2.99012268
0.29750000 2.99076516
0.29800000 2.99129093
0.29850000 2.99169992
0.29900000 2.99199209
0.29950000 2.99216741
0.30000000 2.99222585
0.30050000 2.99216741
0.30100000 2.99199209
0.30150000 2.99169992
0.30200000 2.99129093
0.30250000 2.99076516
0.30300000 2.99012268
0.30350000 2.98936357
0.30400000 2.98848791
0.30450000 2.98749580
0.30500000 2.98638736
0.30550000 2.98516273
0.30600000 2.98382204
0.30650000 2.98236545
0.30700000 2.98079313
0.30750000 2.97910527
0.30800000 2.97730206
0.30850000 2.97538372
0.30900000 2.97335046
0.30950000 2.97120252
0.31000000 2.96894016
0.31050000 2.96656364
0.31100000 2.96407324
0.31150000 2.96146924
0.31200000 2.95875195
0.31250000 2.95592169
0.31300000 2.95297878
0.31350000 2.94992357
0.31400000 2.94675641
0.31450000 2.94347766
0.31500000 2.94008772
0.31550000 2.93658697
0.31600000 2.93297581
0.31650000 2.92925467
0.31700000 2.92542397
0.31750000 2.92148416
0.31800000 2.91743569
0.31850000 2.91327903
0.31900000 2.90901465
0.31950000 2.90464306
0.32000000 2.90016474
0.32050000 2.89558022
0.32100000 2.89089001
0.32150000 2.88609466
0.32200000 2.88119472
0.32250000 2.87619075
0.32300000 2.87108331
0.32350000 2.86587299
0.32400000 2.86056038
0.32450000 2.85514609
0.32500000 2.84963073
0.32550000 2.84401493
0.32600000 2.83829932
0.32650000 2.83248455
0.32700000 2.82657129
0.32750000 2.82056018
0.32800000 2.81445192
0.32850000 2.80824718
0.32900000 2.80194668
0.32950000 2.79555110
0.33000000 2.78906117
0.33050000 2.78247762
0.33100000 2.77580117
0.33150000 2.76903258
0.33200000 2.76217259
0.33250000 2.75522197
0.33300000 2.74818149
0.33350000 2.74105192
0.33400000 2.73383406
0.33450000 2.72652870
0.33500000 2.71913664
0.33550000 2.71165869
0.33600000 2.70409568
0.33650000 2.69644843
0.33700000 2.68871778
0.33750000 2.68090456
0.33800000 2.67300964
0.33850000 2.66503385
0.33900000 2.65697808
0.33950000 2.64884319
0.34000000 2.64063005
0.34050000 2.63233954
0.34100000 2.62397257
0.34150000 2.61553002
0.34200000 2.60701279
0.34250000 2.59842180
0.34300000 2.58975795
0.34350000 2.58102217
0.34400000 2.57221538
0.34450000 2.56333850
0.34500000 2.55439248
0.34550000 2.54537824
0.34600000 2.53629674
0.34650000 2.52714893
0.34700000 2.51793575
0.34750000 2.50865816
0.34800000 2.49931712
0.34850000 2.48991360
0.34900000 2.48044857
0.34950000 2.47092299
0.35000000 2.46133785
0.35050000 2.45169411
0.35100000 2.44199278
0.35150000 2.43223481
0.35200000 2.42242122
0.35250000 2.41255297
0.35300000 2.40263107
0.35350000 2.39265651
0.35400000 2.38263029
0.35450000 2.37255340
0.35500000 2.36242685
0.35550000 2.35225163
0.35600000 2.34202875
0.35650000 2.33175922
0.35700000 2.32144403
0.35750000 2.31108419
0.35800000 2.30068071
0.35850000 2.29023461
0.35900000 2.27974688
0.35950000 2.26921853
0.36000000 2.25865057
0.36050000 2.24804401
0.36100000 2.23739987
0.36150000 2.22671913
0.36200000 2.21600282
0.36250000 2.20525194
0.36300000 2.19446749
0.36350000 2.18365049
0.36400000 2.17280192
0.36450000 2.16192280
0.36500000 2.15101413
0.36550000 2.14007690
0.36600000 2.12911211
0.36650000 2.11812076
0.36700000 2.10710384
0.36750000 2.09606235
0.36800000 2.08499726
0.36850000 2.07390958
0.36900000 2.06280028
0.36950000 2.05167034
0.37000000 2.04052075
0.37050000 2.02935247
0.37100000 2.01816648
0.37150000 2.00696376
0.37200000 1.99574526
0.37250000 1.98451194
0.37300000 1.97326478
0.37350000 1.96200471
0.37400000 1.95073270
0.37450000 1.93944968
0.37500000 1.92815660
0.37550000 1.91685441
0.37600000 1.90554402
0.37650000 1.89422638
0.37700000 1.88290240
0.37750000 1.87157302
0.37800000 1.86023913
0.37850000 1.84890165
0.37900000 1.83756150
0.37950000 1.82621955
0.38000000 1.81487672
0.38050000 1.80353389
0.38100000 1.79219194
0.38150000 1.78085175
0.38200000 1.76951420
0.38250000 1.75818014
0.38300000 1.74685044
0.38350000 1.73552596
0.38400000 1.72420754
0.38450000 1.71289602
0.38500000 1.70159224
0.38550000 1.69029702
0.38600000 1.67901120
0.38650000 1.66773558
0.38700000 1.65647098
0.38750000 1.64521820
0.38800000 1.63397803
0.38850000 1.62275126
0.38900000 1.61153868
0.38950000 1.60034106
0.39000000 1.58915917
0.39050000 1.57799376
0.39100000 1.56684560
0.39150000 1.55571543
0.39200000 1.54460398
0.39250000 1.53351199
0.39300000 1.52244018
0.39350000 1.51138927
0.39400000 1.50035997
0.39450000 1.48935297
0.39500000 1.47836897
0.39550000 1.46740866
0.39600000 1.45647271
0.39650000 1.44556180
0.39700000 1.43467658
0.39750000 1.42381770
0.39800000 1.41298582
0.39850000 1.40218157
0.39900000 1.39140558
0.39950000 1.38065848
0.40000000 1.36994087
0.40050000 1.35925336
0.40100000 1.34859655
0.40150000 1.33797102
0.40200000 1.32737736
0.40250000 1.31681614
0.40300000 1.30628793
0.40350000 1.29579327
0.40400000 1.28533271
0.40450000 1.27490680
0.40500000 1.26451606
0.40550000 1.25416102
0.40600000 1.24384218
0.40650000 1.23356006
0.40700000 1.22331515
0.40750000 1.21310794
0.40800000 1.20293890
0.40850000 1.19280851
0.40900000 1.18271724
0.40950000 1.17266553
0.41000000 1.16265383
0.41050000 1.15268258
0.41100000 1.14275221
0.41150000 1.13286314
0.41200000 1.12301577
0.41250000 1.11321052
0.41300000 1.10344778
0.41350000 1.09372793
0.41400000 1.08405135
0.41450000 1.07441842
0.41500000 1.06482949
0.41550000 1.05528492
0.41600000 1.04578505
0.41650000 1.03633021
0.41700000 1.02692075
0.41750000 1.01755697
0.41800000 1.00823919
0.41850000 0.99896771
0.41900000 0.98974283
0.41950000 0.98056483
0.42000000 0.97143400
0.42050000 0.96235060
0.42100000 0.95331490
0.42150000 0.94432715
0.42200000 0.93538759
0.42250000 0.92649648
0.42300000 0.91765403
0.42350000 0.90886048
0.42400000 0.90011603
0.42450000 0.89142090
0.42500000 0.88277528
0.42550000 0.87417937
0.42600000 0.86563335
0.42650000 0.85713739
0.42700000 0.84869168
0.42750000 0.84029636
0.42800000 0.83195159
0.42850000 0.82365753
0.42900000 0.81541430
0.42950000 0.80722205
0.43000000 0.79908089
0.43050000 0.79099095
0.43100000 0.78295233
0.43150000 0.77496514
0.43200000 0.76702947
0.43250000 0.75914542
0.43300000 0.75131306
0.43350000 0.74353248
0.43400000 0.73580374
0.43450000 0.72812690
0.43500000 0.72050202
0.43550000 0.71292915
0.43600000 0.70540832
0.43650000 0.69793959
0.43700000 0.69052297
0.43750000 0.68315848
0.43800000 0.67584616
0.43850000 0.66858599
0.43900000 0.66137800
0.43950000 0.65422218
0.44000000 0.64711851
0.44050000 0.64006699
0.44100000 0.63306760
0.44150000 0.62612031
0.44200000 0.61922509
0.44250000 0.61238190
0.44300000 0.60559071
0.44350000 0.59885145
0.44400000 0.59216408
0.44450000 0.58552855
0.44500000 0.57894478
0.44550000 0.57241270
0.44600000 0.56593225
0.44650000 0.55950333
0.44700000 0.55312588
0.44750000 0.54679978
0.44800000 0.54052496
0.44850000 0.53430132
0.44900000 0.52812874
0.44950000 0.52200711
0.45000000 0.51593633
0.45050000 0.50991628
0.45100000 0.50394683
0.45150000 0.49802786
0.45200000 0.49215924
0.45250000 0.48634082
0.45300000 0.48057247
0.45350000 0.47485405
0.45400000 0.46918541
0.45450000 0.46356639
0.45500000 0.45799685
0.45550000 0.45247661
0.45600000 0.44700553
0.45650000 0.44158342
0.45700000 0.43621013
0.45750000 0.43088547
0.45800000 0.42560927
0.45850000 0.42038136
0.45900000 0.41520153
0.45950000 0.41006962
0.46000000 0.40498543
0.46050000 0.39994875
0.46100000 0.39495941
0.46150000 0.39001720
0.46200000 0.38512192
0.46250000 0.38027336
0.46300000 0.37547132
0.46350000 0.37071558
0.46400000 0.36600593
0.46450000 0.36134217
0.46500000 0.35672407
0.46550000 0.35215141
0.46600000 0.34762397
0.46650000 0.34314153
0.46700000 0.33870386
0.46750000 0.33431073
0.46800000 0.32996191
0.46850000 0.32565718
0.46900000 0.32139629
0.46950000 0.31717902
0.47000000 0.31300512
0.47050000 0.30887436
0.47100000 0.30478650
0.47150000 0.30074129
0.47200000 0.29673849
0.47250000 0.29277787
0.47300000 0.28885916
0.47350000 0.28498213
0.47400000 0.28114654
0.47450000 0.27735212
0.47500000 0.27359863
0.47550000 0.26988583
0.47600000 0.26621345
0.47650000 0.26258126
0.47700000 0.25898898
0.47750000 0.25543638
0.47800000 0.25192320
0.47850000 0.24844918
0.47900000 0.24501408
0.47950000 0.24161762
0.48000000 0.23825957
0.48050000 0.23493966
0.48100000 0.23165764
0.48150000 0.22841325
0.48200000 0.22520625
0.48250000 0.22203636
0.48300000 0.21890334
0.48350000 0.21580694
0.48400000 0.21274689
0.48450000 0.20972295
0.48500000 0.20673486
0.48550000 0.20378236
0.48600000 0.20086521
0.48650000 0.19798315
0.48700000 0.19513593
0.48750000 0.19232330
0.48800000 0.18954501
0.48850000 0.18680081
0.48900000 0.18409045
0.48950000 0.18141369
0.49000000 0.17877029
0.49050000 0.17615998
0.49100000 0.17358254
0.49150000 0.17103772
0.49200000 0.16852528
0.49250000 0.16604498
0.49300000 0.16359658
0.49350000 0.16117985
0.49400000 0.15879455
0.49450000 0.15644045
0.49500000 0.15411732
0.49550000 0.15182493
0.49600000 0.14956305
0.49650000 0.14733146
0.49700000 0.14512994
0.49750000 0.14295826
0.49800000 0.14081620
0.49850000 0.13870355
0.49900000 0.13662009
0.49950000 0.13456562
0.50000000 0.13253993
0.50050000 0.13054280
0.50100000 0.12857403
0.50150000 0.12663343
0.50200000 0.12472079
0.50250000 0.12283593
0.50300000 0.12097863
0.50350000 0.11914873
0.50400000 0.11734603
0.50450000 0.11557035
0.50500000 0.11382150
0.50550000 0.11209932
0.50600000 0.11040362
0.50650000 0.10873425
0.50700000 0.10709103
0.50750000 0.10547380
0.50800000 0.10388241
0.50850000 0.10231669
0.50900000 0.10077650
0.50950000 0.09926169
0.51000000 0.09777212
0.51050000 0.09630765
0.51100000 0.09486815
0.51150000 0.09345348
0.51200000 0.09206352
0.51250000 0.09069815
0.51300000 0.08935725
0.51350000 0.08804072
0.51400000 0.08674843
0.51450000 0.08548030
0.51500000 0.08423622
0.51550000 0.08301611
0.51600000 0.08181987
0.51650000 0.08064743
0.51700000 0.07949870
0.51750000 0.07837362
0.51800000 0.07727212
0.51850000 0.07619414
0.51900000 0.07513962
0.51950000 0.07410853
0.52000000 0.07310081
0.52050000 0.07211643
0.52100000 0.07115537
0.52150000 0.07021758
0.52200000 0.06930307
0.52250000 0.06841181
0.52300000 0.06754380
0.52350000 0.06669905
0.52400000 0.06587755
0.52450000 0.06507933
0.52500000 0.06430442
0.52550000 0.06355283
0.52600000 0.06282460
0.52650000 0.06211978
0.52700000 0.06143843
0.52750000 0.06078059
0.52800000 0.06014633
0.52850000 0.05953573
0.52900000 0.05894887
0.52950000 0.05838583
0.53000000 0.05784672
0.53050000 0.05733165
0.53100000 0.05684071
0.53150000 0.05637405
0.53200000 0.05593178
0.53250000 0.05551405
0.53300000 0.05512100
0.53350000 0.05475279
0.53400000 0.05440958
0.53450000 0.05409156
0.53500000 0.05379890
0.53550000 0.05353179
0.53600000 0.05329044
0.53650000 0.05307507
0.53700000 0.05288588
0.53750000 0.05272311
0.53800000 0.05258700
0.53850000 0.05247781
0.53900000 0.05239579
0.53950000 0.05234120
0.54000000 0.05231434
0.54050000 0.05231550
0.54100000 0.05234496
0.54150000 0.05240306
0.54200000 0.05249009
0.54250000 0.05260641
0.54300000 0.05275236
0.54350000 0.05292828
0.54400000 0.05313454
0.54450000 0.05337152
0.54500000 0.05363962
0.54550000 0.05393921
0.54600000 0.05427073
0.54650000 0.05463458
0.54700000 0.05503120
0.54750000 0.05546103
0.54800000 0.05592454
0.54850000 0.05642218
0.54900000 0.05695445
0.54950000 0.05752182
0.55000000 0.05812481
0.55050000 0.05876392
0.55100000 0.05943969
0.55150000 0.06015265
0.55200000 0.06090336
0.55250000 0.06169238
0.55300000 0.06252029
0.55350000 0.06338767
0.55400000 0.06429512
0.55450000 0.06524326
0.55500000 0.06623270
0.55550000 0.06726410
0.55600000 0.06833810
0.55650000 0.06945535
0.55700000 0.07061655
0.55750000 0.07182236
0.55800000 0.07307349
0.55850000 0.07437065
0.55900000 0.07571457
0.55950000 0.07710599
0.56000000 0.07854564
0.56050000 0.08003429
0.56100000 0.08157272
0.56150000 0.08316171
0.56200000 0.08480206
0.56250000 0.08649457
0.56300000 0.08824007
0.56350000 0.09003939
0.56400000 0.09189337
0.56450000 0.09380288
0.56500000 0.09576878
0.56550000 0.09779195
0.56600000 0.09987328
0.56650000 0.10201368
0.56700000 0.10421406
0.56750000 0.10647534
0.56800000 0.10879846
0.56850000 0.11118437
0.56900000 0.11363403
0.56950000 0.11614839
0.57000000 0.11872844
0.57050000 0.12137518
0.57100000 0.12408958
0.57150000 0.12687267
0.57200000 0.12972546
0.57250000 0.13264897
0.57300000 0.13564424
0.57350000 0.13871231
0.57400000 0.14185424
0.57450000 0.14507109
0.57500000 0.14836392
0.57550000 0.15173380
0.57600000 0.15518183
0.57650000 0.15870909
0.57700000 0.16231667
0.57750000 0.16600569
0.57800000 0.16977724
0.57850000 0.17363245
0.57900000 0.17757243
0.57950000 0.18159831
0.58000000 0.18571122
0.58050000 0.18991228
0.58100000 0.19420264
0.58150000 0.19858344
0.58200000 0.20305582
0.58250000 0.20762092
0.58300000 0.21227989
0.58350000 0.21703389
0.58400000 0.22188405
0.58450000 0.22683154
0.58500000 0.23187749
0.58550000 0.23702307
0.58600000 0.24226942
0.58650000 0.24761768
0.58700000 0.25306901
0.58750000 0.25862454
0.58800000 0.26428541
0.58850000 0.27005276
0.58900000 0.27592773
0.58950000 0.28191143
0.59000000 0.28800498
0.59050000 0.29420951
0.59100000 0.30052612
0.59150000 0.30695591
0.59200000 0.31349997
0.59250000 0.32015938
0.59300000 0.32693523
0.59350000 0.33382857
0.59400000 0.34084045
0.59450000 0.34797192
0.59500000 0.35522401
0.59550000 0.36259774
0.59600000 0.37009410
0.59650000 0.37771408
0.59700000 0.38545867
0.59750000 0.39332882
0.59800000 0.40132547
0.59850000 0.40944954
0.59900000 0.41770194
0.59950000 0.42608355
0.60000000 0.43459526
0.60050000 0.44323789
0.60100000 0.45201229
0.60150000 0.46091925
0.60200000 0.46995955
0.60250000 0.47913396
0.60300000 0.48844320
0.60350000 0.49788800
0.60400000 0.50746902
0.60450000 0.51718692
0.60500000 0.52704234
0.60550000 0.53703588
0.60600000 0.54716810
0.60650000 0.55743955
0.60700000 0.56785073
0.60750000 0.57840214
0.60800000 0.58909420
0.60850000 0.59992735
0.60900000 0.61090194
0.60950000 0.62201834
0.61000000 0.63327685
0.61050000 0.64467774
0.61100000 0.65622125
0.61150000 0.66790757
0.61200000 0.67973687
0.61250000 0.69170926
0.61300000 0.70382482
0.61350000 0.71608359
0.61400000 0.72848556
0.61450000 0.74103070
0.61500000 0.75371890
0.61550000 0.76655004
0.61600000 0.77952393
0.61650000 0.79264036
0.61700000 0.80589905
0.61750000 0.81929968
0.61800000 0.83284189
0.61850000 0.84652527
0.61900000 0.86034935
0.61950000 0.87431363
0.62000000 0.88841754
0.62050000 0.90266047
0.62100000 0.91704175
0.62150000 0.93156068
0.62200000 0.94621649
0.62250000 0.96100834
0.62300000 0.97593538
0.62350000 0.99099667
0.62400000 1.00619123
0.62450000 1.02151802
0.62500000 1.03697596
0.62550000 1.05256388
0.62600000 1.06828060
0.62650000 1.08412484
0.62700000 1.10009529
0.62750000 1.11619057
0.62800000 1.13240926
0.62850000 1.14874986
0.62900000 1.16521083
0.62950000 1.18179055
0.63000000 1.19848736
0.63050000 1.21529955
0.63100000 1.23222532
0.63150000 1.24926284
0.63200000 1.26641020
0.63250000 1.28366546
0.63300000 1.30102658
0.63350000 1.31849150
0.63400000 1.33605808
0.63450000 1.35372412
0.63500000 1.37148736
0.63550000 1.38934551
0.63600000 1.40729618
0.63650000 1.42533694
0.63700000 1.44346532
0.63750000 1.46167875
0.63800000 1.47997465
0.63850000 1.49835035
0.63900000 1.51680312
0.63950000 1.53533021
0.64000000 1.55392877
0.64050000 1.57259592
0.64100000 1.59132873
0.64150000 1.61012418
0.64200000 1.62897924
0.64250000 1.64789080
0.64300000 1.66685570
0.64350000 1.68587074
0.64400000 1.70493264
0.64450000 1.72403810
0.64500000 1.74318377
0.64550000 1.76236621
0.64600000 1.78158198
0.64650000 1.80082757
0.64700000 1.82009942
0.64750000 1.83939393
0.64800000 1.85870746
0.64850000 1.87803631
0.64900000 1.89737675
0.64950000 1.91672501
0.65000000 1.93607727
0.65050000 1.95542967
0.65100000 1.97477832
0.65150000 1.99411930
0.65200000 2.01344862
0.65250000 2.03276229
0.65300000 2.05205627
0.65350000 2.07132649
0.65400000 2.09056885
0.65450000 2.10977922
0.65500000 2.12895345
0.65550000 2.14808734
0.65600000 2.16717669
0.65650000 2.18621726
0.65700000 2.20520479
0.65750000 2.22413500
0.65800000 2.24300360
0.65850000 2.26180626
0.65900000 2.28053866
0.65950000 2.29919645
0.66000000 2.31777527
0.66050000 2.33627073
0.66100000 2.35467847
0.66150000 2.37299409
0.66200000 2.39121320
0.66250000 2.40933138
0.66300000 2.42734424
0.66350000 2.44524737
0.66400000 2.46303636
0.66450000 2.48070681
0.66500000 2.49825432
0.66550000 2.51567449
0.66600000 2.53296294
0.66650000 2.55011529
0.66700000 2.56712718
0.66750000 2.58399424
0.66800000 2.60071215
0.66850000 2.61727657
0.66900000 2.63368321
0.66950000 2.64992779
0.67000000 2.66600604
0.67050000 2.68191372
0.67100000 2.69764663
0.67150000 2.71320058
0.67200000 2.72857142
0.67250000 2.74375503
0.67300000 2.75874731
0.67350000 2.77354422
0.67400000 2.78814174
0.67450000 2.80253588
0.67500000 2.81672271
0.67550000 2.83069834
0.67600000 2.84445891
0.67650000 2.85800062
0.67700000 2.87131971
0.67750000 2.88441246
0.67800000 2.89727523
0.67850000 2.90990441
0.67900000 2.92229644
0.67950000 2.93444784
0.68000000 2.94635516
0.68050000 2.95801502
0.68100000 2.96942412
0.68150000 2.98057919
0.68200000 2.99147704
0.68250000 3.00211455
0.68300000 3.01248866
0.68350000 3.02259639
0.68400000 3.03243480
0.68450000 3.04200106
0.68500000 3.05129238
0.68550000 3.06030607
0.68600000 3.06903950
0.68650000 3.07749012
0.68700000 3.08565546
0.68750000 3.09353312
0.68800000 3.10112079
0.68850000 3.10841624
0.68900000 3.11541732
0.68950000 3.12212197
0.69000000 3.12852820
0.69050000 3.13463412
0.69100000 3.14043792
0.69150000 3.14593788
0.69200000 3.15113236
0.69250000 3.15601982
0.69300000 3.16059881
0.69350000 3.16486796
0.69400000 3.16882599
0.69450000 3.17247173
0.69500000 3.17580408
0.69550000 3.17882205
0.69600000 3.18152473
0.69650000 3.18391133
0.69700000 3.18598111
0.69750000 3.18773346
0.69800000 3.18916786
0.69850000 3.19028387
0.69900000 3.19108117
0.69950000 3.19155950
0.70000000 3.19171872
0.70050000 3.19155880
0.70100000 3.19107977
0.70150000 3.19028178
0.70200000 3.18916507
0.70250000 3.18772997
0.70300000 3.18597691
0.70350000 3.18390641
0.70400000 3.18151911
0.70450000 3.17881570
0.70500000 3.17579701
0.70550000 3.17246393
0.70600000 3.16881745
0.70650000 3.16485868
0.70700000 3.16058878
0.70750000 3.15600903
0.70800000 3.15112080
0.70850000 3.14592554
0.70900000 3.14042479
0.70950000 3.13462019
0.71000000 3.12851345
0.71050000 3.12210639
0.71100000 3.11540091
0.71150000 3.10839897
0.71200000 3.10110265
0.71250000 3.09351410
0.71300000 3.08563554
0.71350000 3.07746929
0.71400000 3.06901774
0.71450000 3.06028336
0.71500000 3.05126869
0.71550000 3.04197638
0.71600000 3.03240911
0.71650000 3.02256966
0.71700000 3.01246088
0.71750000 3.00208569
0.71800000 2.99144708
0.71850000 2.98054810
0.71900000 2.96939188
0.71950000 2.95798160
0.72000000 2.94632053
0.72050000 2.93441198
0.72100000 2.92225932
0.72150000 2.90986599
0.72200000 2.89723548
0.72250000 2.88437135
0.72300000 2.87127720
0.72350000 2.85795668
0.72400000 2.84441351
0.72450000 2.83065144
0.72500000 2.81667427
0.72550000 2.80248586
0.72600000 2.78809010
0.72650000 2.77349093
0.72700000 2.75869232
0.72750000 2.74369829
0.72800000 2.72851289
0.72850000 2.71314021
0.72900000 2.69758437
0.72950000 2.68184953
0.73000000 2.66593985
0.73050000 2.64985957
0.73100000 2.63361290
0.73150000 2.61720411
0.73200000 2.60063748
0.73250000 2.58391731
0.73300000 2.56704792
0.73350000 2.55003365
0.73400000 2.53287886
0.73450000 2.51558789
0.73500000 2.49816514
0.73550000 2.48061498
0.73600000 2.46294181
0.73650000 2.44515003
0.73700000 2.42724404
0.73750000 2.40922823
0.73800000 2.39110703
0.73850000 2.37288482
0.73900000 2.35456602
0.73950000 2.33615501
0.74000000 2.31765619
0.74050000 2.29907393
0.74100000 2.28041261
0.74150000 2.26167657
0.74200000 2.24287018
0.74250000 2.22399776
0.74300000 2.20506362
0.74350000 2.18607206
0.74400000 2.16702736
0.74450000 2.14793376
0.74500000 2.12879551
0.74550000 2.10961681
0.74600000 2.09040185
0.74650000 2.07115477
0.74700000 2.05187971
0.74750000 2.03258077
0.74800000 2.01326200
0.74850000 1.99392745
0.74900000 1.97458111
0.74950000 1.95522696
0.75000000 1.93586890
0.75050000 1.91651085
0.75100000 1.89715664
0.75150000 1.87781010
0.75200000 1.85847499
0.75250000 1.83915504
0.75300000 1.81985394
0.75350000 1.80057532
0.75400000 1.78132280
0.75450000 1.76209991
0.75500000 1.74291017
0.75550000 1.72375702
0.75600000 1.70464387
0.75650000 1.68557409
0.75700000 1.66655098
0.75750000 1.64757780
0.75800000 1.62865774
0.75850000 1.60979397
0.75900000 1.59098958
0.75950000 1.57224761
0.76000000 1.55357106
0.76050000 1.53496286
0.76100000 1.51642590
0.76150000 1.49796299
0.76200000 1.47957692
0.76250000 1.46127037
0.76300000 1.44304602
0.76350000 1.42490646
0.76400000 1.40685423
0.76450000 1.38889180
0.76500000 1.37102161
0.76550000 1.35324601
0.76600000 1.33556732
0.76650000 1.31798777
0.76700000 1.30050956
0.76750000 1.28313481
0.76800000 1.26586559
0.76850000 1.24870392
0.76900000 1.23165174
0.76950000 1.21471095
0.77000000 1.19788337
0.77050000 1.18117079
0.77100000 1.16457491
0.77150000 1.14809740
0.77200000 1.13173985
0.77250000 1.11550379
0.77300000 1.09939072
0.77350000 1.08340204
0.77400000 1.06753914
0.77450000 1.05180331
0.77500000 1.03619581
0.77550000 1.02071782
0.77600000 1.00537049
0.77650000 0.99015491
0.77700000 0.97507208
0.77750000 0.96012300
0.77800000 0.94530857
0.77850000 0.93062965
0.77900000 0.91608705
0.77950000 0.90168154
0.78000000 0.88741380
0.78050000 0.87328450
0.78100000 0.85929423
0.78150000 0.84544354
0.78200000 0.83173293
0.78250000 0.81816284
0.78300000 0.80473368
0.78350000 0.79144579
0.78400000 0.77829948
0.78450000 0.76529500
0.78500000 0.75243257
0.78550000 0.73971234
0.78600000 0.72713444
0.78650000 0.71469893
0.78700000 0.70240586
0.78750000 0.69025520
0.78800000 0.67824690
0.78850000 0.66638087
0.78900000 0.65465696
0.78950000 0.64307501
0.79000000 0.63163480
0.79050000 0.62033607
0.79100000 0.60917853
0.79150000 0.59816185
0.79200000 0.58728568
0.79250000 0.57654960
0.79300000 0.56595319
0.79350000 0.55549598
0.79400000 0.54517747
0.79450000 0.53499712
0.79500000 0.52495438
0.79550000 0.51504865
0.79600000 0.50527931
0.79650000 0.49564571
0.79700000 0.48614716
0.79750000 0.47678296
0.79800000 0.46755237
0.79850000 0.45845464
0.79900000 0.44948899
0.79950000 0.44065461
0.80000000 0.43195066
0.80050000 0.42337629
0.80100000 0.41493064
0.80150000 0.40661279
0.80200000 0.39842185
0.80250000 0.39035687
0.80300000 0.38241690
0.80350000 0.37460096
0.80400000 0.36690808
0.80450000 0.35933725
0.80500000 0.35188744
0.80550000 0.34455763
0.80600000 0.33734676
0.80650000 0.33025377
0.80700000 0.32327759
0.80750000 0.31641713
0.80800000 0.30967128
0.80850000 0.30303895
0.80900000 0.29651902
0.80950000 0.29011035
0.81000000 0.28381180
0.81050000 0.27762224
0.81100000 0.27154052
0.81150000 0.26556546
0.81200000 0.25969591
0.81250000 0.25393069
0.81300000 0.24826863
0.81350000 0.24270855
0.81400000 0.23724927
0.81450000 0.23188959
0.81500000 0.22662833
0.81550000 0.22146429
0.81600000 0.21639628
0.81650000 0.21142310
0.81700000 0.20654356
0.81750000 0.20175647
0.81800000 0.19706061
0.81850000 0.19245481
0.81900000 0.18793786
0.81950000 0.18350857
0.82000000 0.17916575
0.82050000 0.17490822
0.82100000 0.17073478
0.82150000 0.16664426
0.82200000 0.16263548
0.82250000 0.15870726
0.82300000 0.15485843
0.82350000 0.15108783
0.82400000 0.14739431
0.82450000 0.14377669
0.82500000 0.14023385
0.82550000 0.13676462
0.82600000 0.13336788
0.82650000 0.13004250
0.82700000 0.12678736
0.82750000 0.12360134
0.82800000 0.12048332
0.82850000 0.11743222
0.82900000 0.11444694
0.82950000 0.11152640
0.83000000 0.10866952
0.83050000 0.10587523
0.83100000 0.10314248
0.83150000 0.10047022
0.83200000 0.09785740
0.83250000 0.09530301
0.83300000 0.09280601
0.83350000 0.09036539
0.83400000 0.08798016
0.83450000 0.08564933
0.83500000 0.08337190
0.83550000 0.08114692
0.83600000 0.07897342
0.83650000 0.07685045
0.83700000 0.07477707
0.83750000 0.07275236
0.83800000 0.07077539
0.83850000 0.06884526
0.83900000 0.06696107
0.83950000 0.06512193
0.84000000 0.06332697
0.84050000 0.06157533
0.84100000 0.05986616
0.84150000 0.05819860
0.84200000 0.05657184
0.84250000 0.05498505
0.84300000 0.05343743
0.84350000 0.05192817
0.84400000 0.05045649
0.84450000 0.04902162
0.84500000 0.04762279
0.84550000 0.04625925
0.84600000 0.04493025
0.84650000 0.04363508
0.84700000 0.04237300
0.84750000 0.04114331
0.84800000 0.03994531
0.84850000 0.03877832
0.84900000 0.03764166
0.84950000 0.03653466
0.85000000 0.03545667
0.85050000 0.03440705
0.85100000 0.03338516
0.85150000 0.03239038
0.85200000 0.03142210
0.85250000 0.03047971
0.85300000 0.02956264
0.85350000 0.02867029
0.85400000 0.02780209
0.85450000 0.02695749
0.85500000 0.02613594
0.85550000 0.02533689
0.85600000 0.02455981
0.85650000 0.02380418
0.85700000 0.02306950
0.85750000 0.02235525
0.85800000 0.02166096
0.85850000 0.02098612
0.85900000 0.02033028
0.85950000 0.01969296
0.86000000 0.01907372
0.86050000 0.01847210
0.86100000 0.01788766
0.86150000 0.01731999
0.86200000 0.01676865
0.86250000 0.01623325
0.86300000 0.01571336
0.86350000 0.01520860
0.86400000 0.01471859
0.86450000 0.01424294
0.86500000 0.01378128
0.86550000 0.01333326
0.86600000 0.01289850
0.86650000 0.01247668
0.86700000 0.01206745
0.86750000 0.01167047
0.86800000 0.01128542
0.86850000 0.01091198
0.86900000 0.01054985
0.86950000 0.01019871
0.87000000 0.00985828
0.87050000 0.00952825
0.87100000 0.00920836
0.87150000 0.00889831
0.87200000 0.00859784
0.87250000 0.00830669
0.87300000 0.00802460
0.87350000 0.00775131
0.87400000 0.00748657
0.87450000 0.00723016
0.87500000 0.00698183
0.87550000 0.00674136
0.87600000 0.00650852
0.87650000 0.00628309
0.87700000 0.00606486
0.87750000 0.00585363
0.87800000 0.00564919
0.87850000 0.00545134
0.87900000 0.00525990
0.87950000 0.00507467
0.88000000 0.00489548
0.88050000 0.00472214
0.88100000 0.00455448
0.88150000 0.00439234
0.88200000 0.00423554
0.88250000 0.00408394
0.88300000 0.00393736
0.88350000 0.00379567
0.88400000 0.00365871
0.88450000 0.00352634
0.88500000 0.00339842
0.88550000 0.00327481
0.88600000 0.00315539
0.88650000 0.00304001
0.88700000 0.00292856
0.88750000 0.00282092
0.88800000 0.00271695
0.88850000 0.00261656
0.88900000 0.00251963
0.88950000 0.00242604
0.89000000 0.00233570
0.89050000 0.00224850
0.89100000 0.00216433
0.89150000 0.00208311
0.89200000 0.00200473
0.89250000 0.00192911
0.89300000 0.00185616
0.89350000 0.00178579
0.89400000 0.00171791
0.89450000 0.00165245
0.89500000 0.00158933
0.89550000 0.00152846
0.89600000 0.00146978
0.89650000 0.00141321
0.89700000 0.00135868
0.89750000 0.00130612
0.89800000 0.00125547
0.89850000 0.00120667
0.89900000 0.00115964
0.89950000 0.00111434
0.90000000 0.00107070
0.90050000 0.00102866
0.90100000 0.00098818
0.90150000 0.00094920
0.90200000 0.00091166
0.90250000 0.00087552
0.90300000 0.00084073
0.90350000 0.00080724
0.90400000 0.00077500
0.90450000 0.00074398
0.90500000 0.00071413
0.90550000 0.00068541
0.90600000 0.00065778
0.90650000 0.00063120
0.90700000 0.00060563
0.90750000 0.00058104
0.90800000 0.00055739
0.90850000 0.00053465
0.90900000 0.00051279
0.90950000 0.00049177
0.91000000 0.00047157
0.91050000 0.00045215
0.91100000 0.00043349
0.91150000 0.00041556
0.91200000 0.00039832
0.91250000 0.00038177
0.91300000 0.00036587
0.91350000 0.00035059
0.91400000 0.00033592
0.91450000 0.00032183
0.91500000 0.00030830
0.91550000 0.00029531
0.91600000 0.00028284
0.91650000 0.00027086
0.91700000 0.00025937
0.91750000 0.00024834
0.91800000 0.00023776
0.91850000 0.00022761
0.91900000 0.00021786
0.91950000 0.00020852
0.92000000 0.00019955
0.92050000 0.00019095
0.92100000 0.00018270
0.92150000 0.00017480
0.92200000 0.00016721
0.92250000 0.00015994
0.92300000 0.00015297
0.92350000 0.00014629
0.92400000 0.00013989
0.92450000 0.00013376
0.92500000 0.00012788
0.92550000 0.00012224
0.92600000 0.00011685
0.92650000 0.00011168
0.92700000 0.00010673
0.92750000 0.00010198
0.92800000 0.00009744
0.92850000 0.00009309
0.92900000 0.00008893
0.92950000 0.00008495
0.93000000 0.00008113
0.93050000 0.00007748
0.93100000 0.00007399
0.93150000 0.00007064
0.93200000 0.00006744
0.93250000 0.00006438
0.93300000 0.00006145
0.93350000 0.00005865
0.93400000 0.00005597
0.93450000 0.00005341
0.93500000 0.00005096
0.93550000 0.00004862
0.93600000 0.00004638
0.93650000 0.00004424
0.93700000 0.00004219
0.93750000 0.00004024
0.93800000 0.00003837
0.93850000 0.00003658
0.93900000 0.00003488
0.93950000 0.00003325
0.94000000 0.00003169
0.94050000 0.00003021
0.94100000 0.00002879
0.94150000 0.00002743
0.94200000 0.00002613
0.94250000 0.00002490
0.94300000 0.00002372
0.94350000 0.00002259
0.94400000 0.00002152
0.94450000 0.00002049
0.94500000 0.00001951
0.94550000 0.00001858
0.94600000 0.00001769
0.94650000 0.00001684
0.94700000 0.00001603
0.94750000 0.00001525
0.94800000 0.00001452
0.94850000 0.00001381
0.94900000 0.00001314
0.94950000 0.00001250
0.95000000 0.00001189
0.95050000 0.00001131
0.95100000 0.00001076
0.95150000 0.00001023
0.95200000 0.00000973
0.95250000 0.00000925
0.95300000 0.00000880
0.95350000 0.00000836
0.95400000 0.00000795
0.95450000 0.00000755
0.95500000 0.00000718
0.95550000 0.00000682
0.95600000 0.00000648
0.95650000 0.00000616
0.95700000 0.00000585
0.95750000 0.00000556
0.95800000 0.00000528
0.95850000 0.00000501
0.95900000 0.00000476
0.95950000 0.00000452
0.96000000 0.00000429
0.96050000 0.00000407
0.96100000 0.00000386
0.96150000 0.00000367
0.96200000 0.00000348
0.96250000 0.00000330
0.96300000 0.00000313
0.96350000 0.00000297
0.96400000 0.00000282
0.96450000 0.00000268
0.96500000 0.00000254
0.96550000 0.00000241
0.96600000 0.00000228
0.96650000 0.00000216
0.96700000 0.00000205
0.96750000 0.00000194
0.96800000 0.00000184
0.96850000 0.00000175
0.96900000 0.00000166
0.96950000 0.00000157
0.97000000 0.00000149
0.97050000 0.00000141
0.97100000 0.00000133
0.97150000 0.00000126
0.97200000 0.00000120
0.97250000 0.00000113
0.97300000 0.00000107
0.97350000 0.00000102
0.97400000 0.00000096
0.97450000 0.00000091
0.97500000 0.00000086
0.97550000 0.00000082
0.97600000 0.00000077
0.97650000 0.00000073
0.97700000 0.00000069
0.97750000 0.00000065
0.97800000 0.00000062
0.97850000 0.00000058
0.97900000 0.00000055
0.97950000 0.00000052
0.98000000 0.00000049
0.98050000 0.00000047
0.98100000 0.00000044
0.98150000 0.00000042
0.98200000 0.00000040
0.98250000 0.00000037
0.98300000 0.00000035
0.98350000 0.00000033
0.98400000 0.00000032
0.98450000 0.00000030
0.98500000 0.00000028
0.98550000 0.00000027
0.98600000 0.00000025
0.98650000 0.00000024
0.98700000 0.00000022
0.98750000 0.00000021
0.98800000 0.00000020
0.98850000 0.00000019
0.98900000 0.00000018
0.98950000 0.00000017
0.99000000 0.00000016
0.99050000 0.00000015
0.99100000 0.00000014
0.99150000 0.00000013
0.99200000 0.00000013
0.99250000 0.00000012
0.99300000 0.00000011
0.99350000 0.00000011
0.99400000 0.00000010
0.99450000 0.00000009
0.99500000 0.00000009
0.99550000 0.00000008
0.99600000 0.00000008
0.99650000 0.00000007
0.99700000 0.00000007
0.99750000 0.00000007
0.99800000 0.00000006
0.99850000 0.00000006
0.99900000 0.00000005
0.99950000 0.00000005
1.00000000 0.00000005
