1.000000000000000222e+00 -8.773389796312924815e-01 -1.630035490469506076e-01 5.740089508060175483e-02 -1.290810165222202044e-01 -9.884969385668732622e-01 9.967308191724496558e-01 9.631604417775310178e-01 2.770783633093137910e-01 -9.906049899830081662e-01
-8.773389796312924815e-01 1.000000000000000000e+00 4.636954700579731803e-01 -2.915922761473351832e-01 4.147245209449429981e-01 9.371843996160991175e-01 -8.974539233278144845e-01 -9.720259126272787764e-01 -6.046411506252691304e-01 9.242043314638173079e-01
-1.630035490469506076e-01 4.636954700579731803e-01 1.000000000000000222e+00 -9.612688032788917480e-01 9.971251333990769350e-01 2.330901380515131849e-01 -1.945463160337420061e-01 -3.031955832632668435e-01 -9.792543077009973063e-01 2.316129866818676664e-01
5.740089508060175483e-02 -2.915922761473351832e-01 -9.612688032788917480e-01 1.000000000000000666e+00 -9.783593997352688643e-01 -1.028275629485565362e-01 8.050247471047035364e-02 1.552381182816327254e-01 8.892605826871230468e-01 -1.068839908995564830e-01
-1.290810165222202044e-01 4.147245209449429981e-01 9.971251333990769350e-01 -9.783593997352688643e-01 1.000000000000000666e+00 1.928789490576401644e-01 -1.581234855095053071e-01 -2.588071771200672333e-01 -9.620174872761767526e-01 1.924272264688339507e-01
-9.884969385668732622e-01 9.371843996160991175e-01 2.330901380515131849e-01 -1.028275629485565362e-01 1.928789490576401644e-01 9.999999999999981126e-01 -9.921711218051820769e-01 -9.925731520933632757e-01 -3.617953054217901143e-01 9.963414038059886790e-01
9.967308191724496558e-01 -8.974539233278144845e-01 -1.945463160337420061e-01 8.050247471047035364e-02 -1.581234855095053071e-01 -9.921711218051820769e-01 9.999999999999988898e-01 9.728367001461676322e-01 3.120860425501939539e-01 -9.976254807967512850e-01
9.631604417775310178e-01 -9.720259126272787764e-01 -3.031955832632668435e-01 1.552381182816327254e-01 -2.588071771200672333e-01 -9.925731520933632757e-01 9.728367001461676322e-01 1.000000000000000222e+00 4.399732489772932298e-01 -9.852317244123776074e-01
2.770783633093137910e-01 -6.046411506252691304e-01 -9.792543077009973063e-01 8.892605826871230468e-01 -9.620174872761767526e-01 -3.617953054217901143e-01 3.120860425501939539e-01 4.399732489772932298e-01 1.000000000000001110e+00 -3.548867686759054063e-01
-9.906049899830081662e-01 9.242043314638173079e-01 2.316129866818676664e-01 -1.068839908995564830e-01 1.924272264688339507e-01 9.963414038059886790e-01 -9.976254807967512850e-01 -9.852317244123776074e-01 -3.548867686759054063e-01 1.000000000000002220e+00
