-1.774537334635897690e+00
3.390280111619643932e+00
1.950984754389922360e+00
1.128508779508890614e+00
9.795552907710887158e-01
5.456773922448878267e+00
1.038202016640271097e+01
-1.818787747763997764e+00
3.516693703154896156e+00
3.658505917316174916e-01
2.630624112870024689e+01
1.196673511968326054e+01
3.351585223744879549e+00
4.763461446069025662e+00
2.329583274915448587e+00
6.331925439579738857e+00
1.799353996874509143e+00
8.178962586876006302e-01
1.054912124245857008e-01
-7.040318427677987323e-01
2.414023638200792021e+00
1.656495016116144026e+00
3.622726207919511054e+00
-5.997803689208599565e+01
1.793857458303830699e+00
1.078407445239256912e+00
-1.351902999516723991e+00
2.981019215799792565e+00
1.692778725561598252e+00
3.862758914112800479e-01
-1.038157801302273420e+00
8.249490997544061344e+00
5.607426700023173005e+00
3.084454775960347117e+00
8.820386820816543683e-01
1.709354979964382082e+01
2.716466188723595909e+00
1.671778592073588587e+00
9.972274317259838483e+00
6.098155638059081785e-01
3.985803298856577026e+00
5.478896464105793562e-01
-1.241060936074802612e-01
4.043772132346026282e+00
-6.753333412787254630e-01
2.155663672120927910e+00
2.854697624284373791e+00
-1.510787370957856979e+00
4.440309707177185317e+00
2.595292396873502661e+00
3.217517080852986933e+00
1.143843134092976443e+00
1.567165677185210937e+00
2.169226368939125127e+00
1.972503724985435802e+00
3.755071899340292951e+00
2.830788001713347768e+00
1.534099397749987492e+00
-4.410710924368289625e+02
5.531897808482451495e+00
2.363041520944080265e+00
6.885747659397127851e-01
2.209645333828590630e+00
-6.092905040315421239e+00
1.034197430640941562e+01
8.002507567134168198e+01
-1.123796952615775524e+01
1.011802855246596300e+00
4.423767843831130975e+00
5.526247529536290060e-01
2.746675091549236392e+00
1.536638612301395757e+00
5.134145913385744109e+00
2.133619612845744484e+01
9.073045379061628779e+00
3.212322116902449842e+00
-2.346367560798067409e+00
1.716295191586468505e+01
-3.153554978455262159e+01
3.586366921026595822e-01
1.548885174282350619e-01
3.713910761974970498e+00
2.110300367739601057e+00
-6.145700158548319969e+00
-5.989376315599754008e+01
3.063341412577043066e+00
2.142826659542068857e+00
3.037614706281414279e+00
2.721773754296971326e+00
9.213470986710287747e+00
1.178533589167292916e+01
-1.527205595030280971e+00
1.586143174725091498e+01
5.398586558116337031e+00
3.381751178320600459e+00
3.585854094435642736e+00
2.575759652207100459e+00
1.164817490898462182e+01
-5.788727740337615835e-01
3.019589490890298045e+00
6.011379469443025592e+00
-3.360160110709220938e+00
3.163032952039459111e+00
1.419082874421564888e+00
4.986560646713678935e+00
-9.410417828275502217e+00
3.085380728569036002e+00
7.419382075231546025e+00
3.280741140181148374e+00
6.318627771077240940e-01
3.547024244752459143e+00
8.110871795522858196e-01
3.679471402331561336e+00
-3.674045699599921555e+00
1.334377596904134933e-01
-2.212317670172928885e+01
-7.090092089730451796e+00
2.646193388555608372e+00
-6.066000361372214655e-01
2.336925619659648401e+00
3.585467164354975811e+00
8.619213970633765598e+00
9.809602246841688800e-01
6.024547079383950621e-01
5.461469414419100055e-01
-4.256835378997145369e+00
3.622754702013770256e+00
6.155656504482156066e+00
1.996620784157804529e+00
2.674907902218183420e+00
2.134351702549315632e+01
4.020584165760145545e+00
4.642892708407632796e+00
9.147469520171764401e+00
-9.070947103238840015e-01
3.490558703547891994e+00
4.252078410692469390e+00
6.852346844158908823e+00
8.687374023139078361e-01
3.901936033822686944e+00
3.064087970232639790e+00
1.475310612513328845e+00
-5.378012280347541640e+00
9.612238000817270311e-01
2.399404896684674782e+01
-8.924439206687990733e-01
-4.519465189565141650e+00
1.102031549471479632e+00
-5.434755430774338869e+00
-4.242572456337612152e-02
1.132380347393034015e+01
6.036010949388141977e-01
2.904203202661605143e+00
-4.840897929256788856e-01
3.672989634394249414e+00
-3.709464836046476144e+00
5.441874340997841841e+00
1.590245728255551771e+00
-1.646380678345976900e+00
4.853594459417360341e+00
2.642237617789365167e+00
1.716015237455889242e+00
-4.523658697550829721e-01
5.270715581298389907e+00
1.079396487829848761e+00
-1.621790807141518087e+01
2.518967828893246974e+01
-2.393547345773072266e+01
-4.102342809430757242e+00
1.939376829654707368e+00
-1.071294855479181241e+00
7.797321954020568491e-01
2.750927189631471315e+00
2.105054907086116955e+01
1.458706665441359362e+01
-8.406991370349384596e+00
7.265577478265456079e+00
-2.101182423045686143e+00
5.939354197342371577e+00
3.419982441212219282e-01
4.257849074867333883e+00
4.270473975898739560e+00
7.157314793878642334e+00
4.137071979352878515e+01
7.280663237270168509e-02
3.280373902409775777e+00
4.556101652961507043e+00
-7.613279048890254863e+00
3.620450190918690581e+00
6.338185719519289218e-01
-2.306175882870821425e+00
2.603274556358894820e+00
1.907992114936405414e+00
2.829970772894112585e+00
3.409638284862938740e+00
2.199503381335542240e+00
1.038264869071355179e+01
-1.803011540023286230e+00
2.477379624622109144e-01
9.922863782436210922e-01
5.137305217497977416e+00
3.509819109918923097e+00
-1.102071458196633991e+00
4.633839907033619809e+00
5.084902758308242454e+00
5.061393673914791336e+00
-7.777473719687590936e+00
-9.813545267195391553e-01
9.570149212668997762e+00
8.516637218934054232e+00
-1.120510183843361762e+00
2.618672363129639358e+00
-1.075416880526498531e-01
1.534218884417237527e+00
-3.588073023854953902e+01
1.568206423377516145e-01
6.661765600785241048e-03
1.187610966400723811e+01
2.921897652450755611e+00
-1.814186304294288732e+00
1.628749500241913450e+00
2.154289685015387423e+00
3.365788666922179484e+00
2.466754152720340265e+00
1.573878823181547926e+00
5.133316215019352313e-01
2.812593588752119178e+00
3.520496897985578499e+01
2.631725847517111028e+00
8.981673577821140952e+00
-5.006356528995114274e+01
-1.174956539622391549e+00
7.758247307368541179e+00
2.766688994516499189e+00
2.111840508249345216e+00
1.112613432967636706e+00
3.287130544101792839e-01
3.789980681311317046e+00
1.083662154160119240e+00
1.692133827638437005e+00
5.183623817578613568e+00
1.691409183019865736e+01
1.281493966561285447e+02
2.090961519984622097e+00
-3.204647700162765567e+00
-2.978073579257321413e+01
2.167862041019250174e+00
-8.052256759623748650e+00
-4.265069563781010764e+00
-5.512570281011441864e-01
1.019725909705360465e+02
-2.280906303775178223e+00
-4.752724173048329170e+00
1.149075306870563651e+01
3.222707449566979854e+00
4.565573838904279924e+00
9.777563801015427547e-01
1.411035667917492020e+01
3.557724367145110023e+01
2.676199143454683238e+00
6.288776202376939040e+01
2.255695823060066996e+00
1.729069072814223951e+00
5.351761283246148082e+00
3.432288614726325626e+00
-1.232641598523289250e+00
2.327888780744661545e+00
-4.628768003147418142e+01
8.305384416592374919e+00
2.546700750493029908e+00
-1.496674421834034518e+01
1.488248725409631135e+01
1.419976258520076044e+03
4.527376386559009092e+00
1.659895799604548028e+00
2.951374472662530835e+00
-7.584807798549445579e+01
-4.869821495202730333e+00
7.362078085142409467e-01
1.491613618193284641e+00
4.815615895659589363e+00
-2.012056048430670430e+00
-4.363435285369371641e+00
4.003242889377427893e+00
9.048837905966935935e+00
8.530225369854875339e+00
4.595643485130349148e+00
5.078679615197955144e+01
2.384485296949457656e+00
5.138920268633148325e+00
1.541762451150358704e+00
9.632616809793592694e-01
1.093350821163764053e+01
1.654799188499548990e+00
4.664953468491313870e+00
2.186521456373255123e+00
-4.612595217646771495e+00
-3.750074961607538171e+00
2.289847536116687898e+00
4.127792225409670834e+00
4.604183133691603480e+00
7.855973293908369293e-01
-8.450853987642170750e+01
2.473995740124997234e+00
-1.494181849166765996e+00
6.184322276925973139e-01
2.741724425375712038e+00
1.322637943974211527e+00
1.884911931160315302e+00
-1.349096576304275175e+01
-1.663525347696709566e+00
6.840783666041596156e+00
2.303733314513885855e+00
8.859958105706558840e+00
7.428699677098742349e+00
-1.405374451915546441e+00
1.390935405849452078e+00
2.413717704135910580e+00
-5.725232633956887973e+00
-6.924844133830387882e+00
6.826613617315426374e+00
6.355882653728007092e+00
1.246103437782357659e+00
4.114174949495584599e+00
2.351559504391048883e+00
4.683264279602665781e+00
5.633267937145594040e-01
2.004810026560300606e+00
9.390344286405390761e+00
6.074460448833519877e+00
5.037879237623774653e-01
8.654062123732973788e+00
1.383268718841547784e+00
3.829345425748634124e+00
4.176104268557750743e+00
1.409115836289528190e+00
6.367081810394669361e+00
1.935700311514436667e+00
2.243043904252882825e+01
1.466472899225390947e+01
9.956959414374743744e+00
1.068558600073837894e+01
-2.831246837771558056e+00
3.472406069920856986e+00
4.583640226500820702e+00
2.437396553902685170e+00
2.441068550208712384e+00
-1.212260588895373026e+00
-2.329070206927577935e+00
5.305632668690333453e+00
-2.731279285559550019e+00
4.397719712121251234e+00
-7.953486676470862271e+00
1.499996140674888068e+00
-3.100106174486952426e+01
3.593713458939884031e+00
2.996127537410173680e-01
1.954424516960106661e+00
2.177987772041058978e-01
2.334489599897455747e+00
3.565817067864674783e+00
-2.129676894623260708e+00
5.187431123502106445e+00
5.293357293903011573e+00
1.587223401955368729e+01
1.222556863515395387e+00
8.170459202767656137e+00
-6.070401600793535302e+00
1.333062872625789339e+02
-9.799451449295766281e-01
1.159675995905099732e+00
-6.087491463221502919e+00
6.615054855467001893e+00
2.099003674080322845e+00
2.336077537485783751e+01
-2.929242952535961564e+00
9.309012314395257448e+00
1.024509175471108202e+00
-5.260838523561215396e-01
3.560488256966404030e+00
-2.417626470622513324e+01
2.411268628951962700e+00
2.001388055341673411e+00
-1.413392197521606519e+01
1.683475429077965213e+00
4.449902280535622534e-01
-3.214100269962569811e-01
1.348797247335272687e+01
3.010726162020117336e+00
-2.561058619224851896e+00
4.835068732354113052e+00
1.119766951120986009e+00
3.015540359324717645e+00
1.215627151691969221e+00
3.377140724092757118e+00
3.824403681689836354e+00
1.800641676730272422e-01
6.486546776550842885e+00
3.186768282959659082e+00
3.071732010963898141e+00
-8.630642669437080805e-01
-2.382727377668092394e-01
1.353955307709013844e+00
-2.128797276630324831e+01
-1.224372122686181896e+01
3.617554101834503655e+00
5.778772876790296831e-01
4.289701779424264672e+00
-8.270072458861037035e+00
4.568995268093773099e+00
-9.396094556401752840e-01
7.987920917439740975e+00
1.051085032276368025e+01
3.907890078797414457e+00
1.344345846089931129e+00
-2.887356284427121622e+01
4.901680415760361065e+00
2.711873813493618002e+00
-7.281633999712703975e+00
2.777158097872382214e+00
-1.275660113159214433e+02
1.823574914930798707e+00
3.142772668480447784e+00
5.726105438691061700e+00
2.706856924009923837e-01
-6.004205862834948171e-01
7.372069845095825524e-01
-1.113117851790418911e+01
1.369291726473337079e+01
8.586677691031489701e+00
3.044212292518071017e+00
-8.304924095664787842e+00
-7.122921055428702353e+00
1.379457261192702688e+01
-3.849699805674502429e+00
-2.886418132733948205e+00
5.352494072189530883e+00
4.047641804933859166e-01
1.494048642171530439e+00
1.480977942100983213e+00
4.034417695432998663e+00
1.991277750225225684e+00
5.958954821406264202e+00
2.177976800150919878e+00
2.688428324157376981e-01
-1.371478916829490302e+00
4.800334852773796790e+00
-8.336352742479204991e-01
3.103938926481981664e+00
3.037807555249611546e+00
2.385223457932115565e+01
-6.468057879478794625e+00
-1.078450537782156271e+00
3.605874923269331234e+00
7.351477077290768936e-01
-3.661852812755498121e+00
9.568906279553937466e+00
4.443638448711961786e+00
-7.750126205522884781e-01
-5.929743206205629669e+00
6.858780374619184883e+00
2.770736454253458270e+00
1.336968090167696133e+01
2.345614983901409545e+00
-6.212480993240405702e-01
-3.416665484119647545e+00
1.547969274319747512e+00
3.847693795348305024e+00
-1.835745978097982061e+02
1.353733065607364949e+00
1.427699217518035191e+00
3.705193872447126502e+00
-1.362276974829721432e+00
8.327840946050757864e+00
6.728256892633992514e-01
6.358658108484904758e+00
6.382733024684939416e+00
8.844962575268413119e+00
-1.644825657359785254e-01
6.771116078815376582e+00
-6.279044867129894847e-01
1.389592952713362362e+00
-1.809498936718427764e+00
2.084762146746664158e+00
-8.216841326756334496e+00
2.060888511814711777e+01
-5.923015130744089873e+01
2.183158221712513392e+00
6.711654661164873303e+00
-3.466788280899266717e+00
3.000356352303669372e+00
2.455880113093037220e+00
4.841763337319920701e+00
4.016745474170503982e+00
6.306336762115661188e+00
5.515731666703397096e+00
2.878553204910347940e+00
9.307353936381161930e-01
-4.942582929098735534e+00
-2.228722908559602089e+00
8.071173653563338490e+00
-5.238604580689232293e-02
9.468902580250468048e+00
4.587093769645902430e-01
-1.159305058885845696e+01
2.630126387355762319e-01
1.258399952982710346e+00
-5.221522625795341099e+00
1.646971849350197026e+00
5.618181444829162707e+00
1.513329399446979640e+00
2.160584877153129302e+00
6.533276976068883641e+02
-9.165550278636924730e-01
2.558498394043887014e+00
6.743234430877990349e+01
2.176283430575763234e+00
2.951374683772360896e+00
2.580964832373168871e+00
-4.415570575531735820e+00
4.235632548193040137e+00
1.106437376443321341e+01
1.289780309923952117e+01
2.910822305090465800e+00
9.559353119994487002e-01
3.753670464338238588e+00
1.649020845456359297e+01
3.869443915359993014e+01
1.724993524406936984e-01
1.446336646630345157e+01
4.426917337394886687e+00
8.103355430642226409e+00
-2.111875160430312093e+00
3.578320125640695437e+01
4.776099283347337021e+00
-2.142160154730794908e+00
2.528054642013631170e+00
-4.657804288383335489e+00
4.348127356415306011e+00
2.983736321552895365e+00
2.840081173755401700e+00
7.031924473110080953e+00
5.052158037212809205e+00
-6.258860927149684450e+00
4.919133764872874792e+00
2.538835475818640219e+00
-1.513958991645550700e+00
9.029462849986855666e-01
2.282519170272413689e+00
7.494200642861581940e+00
8.661959391122596941e+00
-5.344851027743149352e+00
1.748776409421378464e+00
6.898054453043124035e+00
3.046205374580518654e+00
7.340149475926955880e+00
3.001728487098622722e+00
-7.658200083800705826e-01
2.232494256247463671e+00
2.329592319810807943e+00
9.472392556712671663e+00
9.877108308294411110e-01
-5.486346970092821351e-01
4.702053593452403035e+00
1.562017964148197713e+00
2.086499198245968412e+00
3.627222358737011376e+01
3.744286368672138376e+00
3.714156961646514432e+00
1.412069967998463937e+01
4.237707513848420149e+00
1.975622198073638813e+01
3.327237454424825991e+00
2.917168885591800542e+00
1.890761208725248999e-01
-6.227228280139760486e-01
2.459222880080597751e+00
-1.116315898342948287e+01
-2.086755037581371930e+00
4.136440405366232476e+00
3.791979127318979792e+00
-2.590421674856315803e+01
-2.250039156566179699e+00
3.183987315380552907e+00
1.460674903562698468e+00
2.930388056847697431e+00
-3.655793902012101526e+00
7.653966149631487248e+00
-1.628978392818325460e-01
1.164816057975778696e+00
1.807361209845955052e+00
2.963478573472350330e+00
4.317017912102561183e+01
-1.037882410589471061e+00
-2.275721651260580458e+00
-2.899862368796314982e+00
5.143846543914866842e+00
1.238552602309367590e+00
1.295699578926643625e+01
-9.618232363223210513e+00
2.459653388690475229e+00
4.836798614654600037e+00
2.265880703243117633e+00
1.451603476586082131e+00
5.941454483108703499e+00
2.281807437589839616e+00
1.051125605401035656e+01
-4.865008047927843471e-01
3.012106746120675194e+00
3.338368384319251980e+00
1.056754859667408297e+01
-6.110862804133094350e+00
5.798605418097265485e+00
3.841767058369444321e+00
7.570637214591419806e+00
3.103501726819742679e+00
1.842894510468143565e+00
5.582180802463989622e+00
1.885308071219329307e-01
-1.206092392706428029e+01
4.719449268878499915e+00
5.963260200419627566e+00
6.414264556308840959e+00
1.793752690754325751e+00
4.460616082474686550e+00
4.203375692603859903e+00
2.446563273254696025e-01
4.977855590079197867e+00
2.442739565810776625e+01
9.519220186612078471e-01
4.496924212286579348e-02
2.886992023004492758e+00
8.424289601202593403e+00
3.098467340327242248e+00
2.880592609663185399e+01
1.233009326252209803e+01
4.166062397380610349e+00
4.118018899548312461e+00
-1.799101697953234158e+00
8.408726579938432533e-01
5.906992519854396662e+00
1.398428081247500954e+00
-6.723199355572422320e-01
-1.028074710909656986e+01
-7.656189933593839925e-01
2.830248470046852205e+00
1.254140624870506215e+01
1.319872061469415492e+00
5.436135594578862751e+00
-3.651022464125149192e+00
6.241313226436844275e+00
1.304399019723186015e+01
2.230191838200870524e+00
1.850964097101717609e+00
1.066179218807515028e+01
-6.766646093477959312e-01
1.206641352789688071e+01
1.167653718834031551e+01
2.091753654793495798e+01
9.260031380354416086e+00
2.413371106700985536e+00
3.822513667050472463e+00
2.471126446538697508e+00
4.073420067788147136e-01
8.754050114173030295e+01
-2.971969480384382223e+01
-2.760198634119745975e-01
1.321881843255388844e+01
1.883709908351611162e+01
1.177638309087050139e-01
3.689243817603899515e+03
5.970160691794294650e+00
5.183818468652566125e+00
2.786350791379269776e+00
1.344219145483319888e+00
-8.422438558119243623e+01
1.082198101838862669e+00
1.168324682687214233e+00
-7.379495686482214545e+00
-7.021482410507808858e+00
-9.754925905948264031e-02
2.165466789306744300e+00
5.132424389335714210e+00
2.929647122402586401e+00
2.534800686112835599e+00
5.588176180784126146e+00
7.060612700819373089e+00
1.729916209514310355e+00
3.088498040732959637e+00
1.215073735671284538e+01
-7.590036077453427232e+00
3.103927836413119312e+00
5.177269161036097245e+00
1.626829140105967353e+00
4.719078025349048744e+00
6.776924323091515490e+00
4.957058786467857026e+00
2.501537754856034468e+00
4.345166979533287233e+00
4.148581365941898191e+00
1.246797261060349937e+00
-3.530224092431630822e+01
1.796670289941418730e+01
1.954385282774162569e+00
3.683289220737169245e-01
-2.916279738565048518e-01
1.390033136321882523e+00
2.836671987878360390e+00
2.350162665131128037e+00
1.236184759254898680e+00
-7.858198686151301793e+00
4.367993412435331635e+01
-4.859912823354419942e+01
1.195609761167789387e+01
-2.284157884769059521e+01
2.252797603759199685e+00
5.352445153109018250e+00
3.626830076661689439e+00
4.103731427175827839e+00
-5.727221101694796701e+00
7.725183728561249019e+00
3.487181864384406804e+00
1.577360678612589595e+01
1.703554296304049558e+02
4.794289159465169092e+00
5.785042642838622129e+00
2.260960411129167014e+01
4.277471386555893318e+00
3.128825214800183829e+00
2.423065045063060197e+00
2.390351950342588516e+00
3.390662907057517828e+00
3.246708709412809757e+00
-5.626578902573834284e+02
-2.744739120078201644e+00
1.538253893287599539e+00
2.324547223330677426e-01
3.742900758072496004e+00
8.777614561155814954e+01
-6.185489004823629955e-02
5.920755796756429490e+00
1.136569787149873445e+00
4.337352737462288665e+00
-6.558803315359956976e+00
3.239832787636004685e+00
2.372450494356831641e+00
6.426307105756301041e+00
-4.214047909142735193e+00
2.381682303031795733e+00
7.693757874808913932e+00
3.971116694828809912e+00
-2.330234133981515576e+00
7.267500186800863737e+00
-6.192556332546956810e-01
-8.436246960599493860e+00
-6.978382261238391671e+00
5.327943169994711070e+00
6.788005118004067029e+00
8.586824073580800132e+00
4.790214540316720004e+00
9.468742352989435673e+00
1.305465584351025043e+01
2.504383398576450759e+00
3.317388572886784903e+00
1.924633397145683134e+01
2.322033190244868539e+00
-4.503616154587755105e-01
1.506444736986157196e+01
-1.342240080553934689e+01
2.882663187089238743e+00
1.334967998052838922e+01
4.632629590013209508e+00
3.073610411378699503e+00
2.102986578176595067e+00
3.290797281008250863e-02
2.716123071279409995e+00
4.546130761297984435e+00
2.698734335561078890e+00
4.992804523999172517e+00
2.641939464043149854e+01
3.385516914028093183e+00
4.130293624837731770e+00
7.108901774829332609e+00
2.633195695986874973e+00
2.421178659717471149e-01
5.520276861529552548e+00
6.301080768591084791e+00
4.185268828889547876e+01
-3.543433139803622112e+01
2.265451183260081436e+00
-1.067486714145647753e+01
2.180708562547021945e+00
2.031904556888471269e+00
-8.285437138311042560e-01
9.774942565616013326e+02
4.609478621264109677e+00
1.271287733614171911e+00
5.550089799900893794e+00
-3.507393495399866445e-01
1.932690908780201333e-01
5.174921197866343192e+00
3.976212593836335962e+00
5.339269330074938757e+00
1.300433103111897637e+00
-1.616323150847940759e+00
1.686262743219777871e+00
4.577195219999437015e+00
6.998815017634778535e+00
1.012365465206276482e+01
1.112076279535304195e+02
5.412966322572541067e-01
6.710149296797136564e+00
5.355633808167975758e+02
1.283877232987502559e-01
-1.556507114961051172e+02
-3.017836414502555797e+00
5.199480920863578604e+00
5.754634064307129648e+00
-1.507327675585292681e-01
1.541653747945498765e+01
-5.231573307842847242e-01
4.402768836280076314e+00
-1.624562442722032429e+00
4.836864254611665359e+00
-1.337781547703469442e+01
2.940644743578133102e+00
9.208624452473745947e-01
3.580670931678007651e+00
8.967418324597264956e+00
6.405509038286079093e-01
1.840983481127396715e+01
1.827558675021381251e+00
1.393488254723735054e+00
-1.143395359446666593e+00
-1.200006872077659281e+01
-1.070821827415795369e+01
7.141705654695520877e+00
-1.070655807823422947e+02
3.472073444521881491e+00
3.110375741140040340e+00
2.915640239981874160e+00
1.891878345539262485e+00
-1.011825231627343769e+01
-1.423610256185114054e+00
3.969124666633217835e+00
9.250297985122376332e+00
2.069500250722080104e+00
1.310007801799731419e+00
6.560105700625318725e+00
-1.756975359302004591e+01
3.013150673148212721e+00
2.990496113505315279e+01
1.649274470941127557e+00
4.085855773810214142e-01
1.146502009964818880e+00
2.809044885469441422e+00
8.652887055076147860e+00
4.412410722026125498e+00
8.553152469738662944e-01
1.239774060335193884e+00
3.343567503902137084e+00
3.278066973482393287e+00
-4.503282118498042053e+00
2.828543727886907444e+00
4.673345867448498225e+00
-3.732602585947228491e+00
5.165270782867956711e+00
-2.770932374372949702e+00
-6.800524064890901776e+00
2.666027273705167122e+00
5.263272712779105689e+00
3.170851372925081790e+00
3.084575122747434950e+00
-6.203888823419434040e+00
2.846587521124744669e+00
2.327438226359578533e+00
-5.359736146882001862e+01
4.985112048179312083e+00
-8.313099957022043185e-01
1.921450288157542818e+00
1.868994548652597176e+00
3.806097401178193174e+00
7.638406370080573105e+00
5.244555865507546599e+00
-9.826031404952075832e-01
-6.596344827497317986e-01
1.636566591122123437e+00
1.080652745744030030e+00
4.271162560851160528e+00
2.590051198891162976e+00
1.815945839150149954e+00
3.064114504466973976e+00
1.225126601068315502e+00
7.462967266149774126e+00
4.682577512716068036e+00
5.575279502828170308e+00
9.459785329447382196e+01
3.882658505297294838e+00
3.509491201013664963e+00
4.990523059529795802e+00
3.321784840067369515e+00
1.986398655757365006e+01
1.451764920122465607e+00
1.117044804452046236e+00
-6.881865781891176148e+00
1.604534083004376654e+01
-7.327769651415896313e+00
1.086938839748649244e+01
9.765875200461640038e-01
9.495715324910104016e+01
-3.523344233637292433e+00
-4.319423113201619202e-01
5.457506689627172669e+00
1.298950055284932015e+00
1.739003924750392116e+00
-1.221997558896026348e+00
-2.484593654532649687e+00
7.486076565153411799e+00
2.954608571617480806e+00
5.367699189787815683e+00
1.091687357662337599e+00
2.104967511438402106e+00
1.147858822232719334e+01
1.039115872122544815e+01
2.987164175915287156e+00
3.818580860491304740e+00
-8.271079730178659162e+00
8.713332251699359432e-01
2.748836190195893092e+00
1.747231975308868090e+00
4.746104762367833185e-01
4.067780395055496712e+00
-5.366865861915766089e-01
1.085950617110322725e+01
-1.087718681200574355e+00
4.258796630380519588e+00
2.165269075930339682e+00
4.465368919413473137e+00
1.442686988241014046e+00
9.679645564717165307e-01
3.433541771390022035e+00
2.382250101260674313e+01
3.898689128773887624e+00
-4.736033484870593924e+01
-2.355338479016104714e+01
-9.573603929025180648e-01
9.632852513799119443e-01
-2.373595621049470417e+00
1.926793994215849892e+01
-6.272231131402028481e-02
1.882128237432226125e+00
-3.094119630651634978e+00
4.470063861038777731e-01
2.573771341354865072e+00
1.553408987293805721e+00
-6.546034093584480296e+00
4.685938675629756744e+00
2.840532802513030219e+01
-5.390728021198878395e-01
-7.936539592432434453e-01
4.803638407595513193e+00
1.846376389742665047e+00
-1.747430606695350264e+01
-1.425987878760165728e+01
4.506328132688352639e+01
4.331262115254525646e+00
2.330857679493089751e+00
-2.418653710956840897e+00
1.088438502532759244e+01
1.171903494888907993e+00
7.056224216265067906e-01
5.447103606767454309e+00
6.115356104523328007e+00
-3.923102875545604462e+01
2.609207258508901450e+00
9.412634999670450586e-01
2.901641356481081857e+01
5.561293107739122554e-01
3.943217391720883480e-01
3.573361865218140032e+00
1.025545065848635318e+01
3.410906780422741313e+00
2.687374780570570998e+00
-4.084121316763321907e+00
-1.907114124178312942e-01
5.638177160333187388e+00
-3.297982887273938957e+00
1.542028010188492715e+01
1.724460198761401486e+01
3.382010738526212812e+00
4.129791639355333555e-01
1.253682313068814125e+01
5.610445081529068290e+00
4.522766786786058368e+00
-3.053003480100296763e+00
3.117796352619994327e+00
6.093306939803683875e+00
-6.045637684794806788e-01
-1.691892066336682099e-01
1.792385314058657420e+00
5.745989132182927506e+00
-5.815339842653668434e+00
4.060848312168959140e+00
2.826121348610145745e+00
4.148274123228532950e+00
-2.559782586566943685e+00
2.508833670073411781e+01
-2.513842545011256036e+00
6.287416409346929136e+00
-8.486314701370210400e+01
4.279826757143692539e+00
4.418959625165432836e-01
1.201859236572260459e+00
8.530706989424061248e+00
1.337334781865850530e+00
2.478637273446709699e+00
3.170197274089383122e+00
-6.667717655426358192e+01
3.932485452808105908e+00
1.767822351215756882e+01
1.409245654229389633e+00
6.857610163068120102e+00
-6.506147042967156402e-01
2.575497865357986527e+00
