# Decay counts from a radioactive sample.
# Bin width dt = 2.0 s.
# A separate background calibration run, with no sample present, recorded N_bkg = 305 counts in T_bkg = 100.0 s.
# Columns:  t_low [s]   t_high [s]   t_centre [s]   counts
    0.00      2.00        1.00      393
    2.00      4.00        3.00      383
    4.00      6.00        5.00      349
    6.00      8.00        7.00      360
    8.00     10.00        9.00      316
   10.00     12.00       11.00      293
   12.00     14.00       13.00      267
   14.00     16.00       15.00      245
   16.00     18.00       17.00      220
   18.00     20.00       19.00      216
   20.00     22.00       21.00      207
   22.00     24.00       23.00      185
   24.00     26.00       25.00      161
   26.00     28.00       27.00      160
   28.00     30.00       29.00      141
   30.00     32.00       31.00      154
   32.00     34.00       33.00      128
   34.00     36.00       35.00      127
   36.00     38.00       37.00      133
   38.00     40.00       39.00      116
   40.00     42.00       41.00       96
   42.00     44.00       43.00       88
   44.00     46.00       45.00       93
   46.00     48.00       47.00       93
   48.00     50.00       49.00       84
   50.00     52.00       51.00       75
   52.00     54.00       53.00       72
   54.00     56.00       55.00       70
   56.00     58.00       57.00       65
   58.00     60.00       59.00       62
   60.00     62.00       61.00       43
   62.00     64.00       63.00       61
   64.00     66.00       65.00       54
   66.00     68.00       67.00       61
   68.00     70.00       69.00       44
   70.00     72.00       71.00       46
   72.00     74.00       73.00       44
   74.00     76.00       75.00       44
   76.00     78.00       77.00       52
   78.00     80.00       79.00       52
   80.00     82.00       81.00       40
   82.00     84.00       83.00       37
   84.00     86.00       85.00       30
   86.00     88.00       87.00       40
   88.00     90.00       89.00       35
   90.00     92.00       91.00       36
   92.00     94.00       93.00       32
   94.00     96.00       95.00       32
   96.00     98.00       97.00       32
   98.00    100.00       99.00       31
  100.00    102.00      101.00       24
  102.00    104.00      103.00       18
  104.00    106.00      105.00       22
  106.00    108.00      107.00       28
  108.00    110.00      109.00       23
  110.00    112.00      111.00       22
  112.00    114.00      113.00       26
  114.00    116.00      115.00       23
  116.00    118.00      117.00       19
  118.00    120.00      119.00       20
