1.000000000000003331e+00 9.933145690411078199e-01 4.440308628134790325e-01 -8.331020202211848469e-01 -4.826537411699978186e-01 -9.993364092852871083e-01 -7.605955620460741473e-01 -9.941479245752631311e-01 4.945605910987679321e-01 9.746347897288598627e-01
9.933145690411078199e-01 9.999999999999970024e-01 5.200667115566586229e-01 -8.868935699563935682e-01 -5.585225584618116468e-01 -9.967854455443783124e-01 -8.234169482822037978e-01 -9.997783991596702613e-01 5.698789310544279951e-01 9.937408806387785232e-01
4.440308628134790325e-01 5.200667115566586229e-01 1.000000000000003109e+00 -8.352585435353959697e-01 -9.984224274927330223e-01 -4.647886748983252603e-01 -8.957071437150564419e-01 -5.224367993692410339e-01 9.969183141667939951e-01 5.999568053412295265e-01
-8.331020202211848469e-01 -8.868935699563935682e-01 -8.352585435353959697e-01 1.000000000000002220e+00 8.625804097786824443e-01 8.496118073510825486e-01 9.919483625494479595e-01 8.862659069589509109e-01 -8.701207388804976794e-01 -9.318884247307198665e-01
-4.826537411699978186e-01 -5.585225584618116468e-01 -9.984224274927330223e-01 8.625804097786824443e-01 9.999999999999996669e-01 5.035443248364038782e-01 9.178998787777439272e-01 5.606722049826360355e-01 -9.996504537009964775e-01 -6.371369316321147114e-01
-9.993364092852871083e-01 -9.967854455443783124e-01 -4.647886748983252603e-01 8.496118073510825486e-01 5.035443248364038782e-01 9.999999999999956701e-01 7.793804087245885803e-01 9.971674084586076292e-01 -5.152708410705724162e-01 -9.817345431032101777e-01
-7.605955620460741473e-01 -8.234169482822037978e-01 -8.957071437150564419e-01 9.919483625494479595e-01 9.178998787777439272e-01 7.793804087245885803e-01 1.000000000000001332e+00 8.230274853301859928e-01 -9.237066231265306238e-01 -8.795578548209438408e-01
-9.941479245752631311e-01 -9.997783991596702613e-01 -5.224367993692410339e-01 8.862659069589509109e-01 5.606722049826360355e-01 9.971674084586076292e-01 8.230274853301859928e-01 9.999999999999986677e-01 -5.722359847013047673e-01 -9.930396610603046126e-01
4.945605910987679321e-01 5.698789310544279951e-01 9.969183141667939951e-01 -8.701207388804976794e-01 -9.996504537009964775e-01 -5.152708410705724162e-01 -9.237066231265306238e-01 -5.722359847013047673e-01 1.000000000000001110e+00 6.478762991919363445e-01
9.746347897288598627e-01 9.937408806387785232e-01 5.999568053412295265e-01 -9.318884247307198665e-01 -6.371369316321147114e-01 -9.817345431032101777e-01 -8.795578548209438408e-01 -9.930396610603046126e-01 6.478762991919363445e-01 9.999999999999935607e-01
